start	end	text
23280	29820	Buongiorno a tutti e grazie per questa accoglienza.
29820	36440	Conmovente per me, consentitemi ovviamente di ringraziare e salutare soprattutto il
36440	44940	presidente della fondazione Meeting, Bernard Scholz, di rivolgere un ringraziamento speciale
44940	53380	a lui, alla grande famiglia del Meeting, non soltanto per l'invito, ma per un evento che
53380	61520	da quasi mezzo secolo segna un momento fondamentale nel dibattito politico e culturale della nazione.
61680	67880	Voglio salutare ovviamente i ministri, i parlamentari, il mio amico Maurizio Lupi,
68120	74280	voglio ringraziare le autorità civili, militari, religiose presenti, oltre che il presidente
74280	79920	della Fraternità di Comunione e Liberazione, Davide Prosperi, a cui va il mio abbraccio.
85540	93780	È per me un piacere, un onore essere qui con voi oggi, perché sono convinta che quello
93780	100540	che accade ogni anno in questi padiglioni sia qualcosa di estremamente prezioso e so
100540	107520	bene. Che cosa significhi organizzare eventi di questo tipo? Sono testimone personalmente
107520	113640	di quanto lavoro, di quanto sacrificio, di quanta elaborazione, di quanta dedizione richiedano.
114280	119700	E confesso che ho sempre guardato al Meeting con ammirazione, perché è la piazza del
119700	128880	dialogo per eccellenza, come dice il titolo stesso dell'incontro. È stato così anche
128880	133200	in anni nei quali la polarizzazione ideologica era più marcata, anche in anni nei quali
133200	137940	era più complicato superare gli steccati per riuscire ad andare al cuore dei problemi
137940	144880	reali delle persone, delle famiglie, delle imprese. E leggo ogni volta, negli occhi,
144960	150440	nei volti, nelle braccia, dei tantissimi volontari che danno vita a questa manifestazione e
150440	156060	che scelgono di dedicare un pezzo della propria estate, e non solo, per allestire questo
156060	162140	evento, una passione che solo chi conosce il senso di appartenenza a una comunità
162140	176340	può riconoscere. Senza i volontari semplicemente non esisterebbe il Meeting e io voglio per
176340	183180	questo tributare a tutti loro il mio di applauso, perché sono l'anima stessa di questo luogo,
183180	198420	il fuoco che alimenta ogni edizione sono oggettivamente un vero spettacolo. Nei luoghi
198420	205860	deserti costruiremo con mattoni nuovi. Avete scelto per questa edizione questa splendida
205860	212900	frase di Thomas Sterns Eliot, un autore a me molto caro, un cristiano, un conservatore
212900	217320	diventato punto di riferimento nella storia della letteratura fino al premio Nobel nel
217920	225620	1948. Nei cori della rocca, Eliot racconta l'impresa di alcuni operai a cui è assegnato
225620	232560	il compito di costruire una nuova chiesa in terra ostile, una delle tante periferie urbane
232560	239280	dove la chiesa viene cancellata con un tratto di penna. Gli operai ovviamente incontrano
239280	245520	imprevisti difficoltà di ogni tipo, ma non si arrendono e alla fine riescono nella loro
245520	252440	impresa costruire una chiesa in quel deserto, un luogo dove gli uomini sono ridotti a bottiglie
252440	258640	vuote, ad alveari senza miele che vivono forse tranquilli però senza provare né sazietà
258640	265680	né disperazione. Un mondo vinto dal nulla, dove non c'è spazio per un'attenzione spirituale,
265680	273820	per un'aspirazione verticale, abitato da individui anestetizzati a cui non interessa altro che
273820	281860	trovare un posto per fare un picnico, smarrirsi con potentissime auto su strade secondarie.
282280	287380	E qui io potrei trovare delle similitudini con Atreyu, il ragazzo della storia infinita
287380	292900	che lotta contro il nulla che avanza e che come si sa ha avuto un ruolo importante nell'immaginario
292900	298480	della mia formazione culturale, ma il punto è che siamo di fronte a una potente metafora
298480	304500	della nostra epoca, un'epoca nella quale si vorrebbe omologare tutto, trasformare ognuno
304500	309440	di noi in un consumatore perfetto, un vuoto a rendere che può essere riempito da qualsiasi
309440	314260	cosa si voglia, individui senza identità, senza memoria, senza appartenenza nazionale,
314260	320060	o religiosa, individui in cui desideri cambiano in continuazione e che quindi non amano più
320060	325580	nulla, individui in sostanza nella cui esistenza non c'è più nulla per cui valga la pena
325580	332860	impegnarsi, costruire o combattere. E gli operai di Elliot fanno una scelta diversa.
333760	339600	E allora io ho capito l'esortazione che fate a tutti con il titolo di questo meeting. Noi
339600	346460	siamo chiamati nei deserti fisici ed esistenziali del nostro tempo a seguire lo stesso cammino
346460	351620	di quegli operai e per chi come me ha responsabilità di governo, quell'esortazione comporta molte
351620	358160	cose. Costruire con mattoni nuovi significa comprendere il tempo nel quale si vive, saper
358160	363760	calare in quel tempo il proprio sistema di valori, significa costruire con mattoni che
363760	367660	sappiano resistere ai venti di quell'epoca, che sappiano resistere alle sue tempeste,
367660	374760	significa saper agire con metodi nuovi, saper saltare le tante troppe paludi che si trovano
374760	379700	sul percorso, soprattutto in Italia, dove le migliori intenzioni vengono spesso frenate
379700	385300	da meccanismi bloccati, da processi farraginosi, da rendite di posizione, da preconcetti ideologici.
386280	392420	Il campo nel quale abbiamo dimostrato di voler stare in questi ormai quasi tre anni alla guida
392420	399340	della nazione non è il campo delle ideologie, non è il campo delle utopie, non è il campo
399340	404760	di chi pensa che sia possibile modellare la realtà sulla base delle proprie convinzioni.
404880	411100	Il campo che abbiamo scelto è il campo del reale, perché come ci ha insegnato Jean
411100	416260	Guitton, mille miliardi di te non valgono una sola persona, noi dobbiamo amare le persone
416260	431700	e per loro bisogna vivere e morire. Questo è il campo nel quale intendiamo giocare,
431960	438260	mettendo nelle nostre decisioni quella umanità, quella concretezza che solo chi non perde
438260	444360	il contatto con il mondo reale può dimostrare. In questi quasi tre anni abbiamo provato a
444360	449760	portare i nostri mattoni nuovi, abbiamo portato mattoni nuovi nella postura internazionale
449760	456260	dell'Italia, voi sapete quante energie io abbia personalmente speso a quella che considero
456260	467140	una missione. E quella missione è fare in modo che l'Italia si riapproprii del posto
467140	473980	che rispetta nel mondo, forte, fiera, schietta, leale, in una parola autorevole. E oggi sono
473980	480760	fiera che l'Italia venga vista così a livello internazionale, che non venga più considerata
480760	485420	la grande malata d'Europa, ma addirittura un modello di stabilità, di serietà di governo,
485760	491700	che gli investitori internazionali ci considerino una nazione sicura, tanto che ormai i tassi
491700	495960	di interesse che paghiamo sul nostro debito sono in linea con quelli che si pagano in
495960	503480	una nazione come la Francia, che le istituzioni comunitarie certificino che l'Italia è la
503480	508940	o che la stampa internazionale che, diciamoci, non è mai stata particolarmente benevola
508940	515940	verso di noi, sia portata spesso a considerarci una anomalia positiva. E guardate, io potrei
516720	523060	ricordare i tanti profeti di sventura che indicavano proprio nella politica estera l'eventuale
523060	527760	tallone di Achille di un governo Meloni, ma no, non mi interessa questo, mi interessa
527760	534460	piuttosto che molti di loro abbiano dovuto fare i conti con una realtà diversa e posso
534460	548260	solo augurarmi che in cuor loro siano tutti contenti di essersi sbagliati. E spero, e però
549620	555960	dobbiamo anche essere onesti, no? E allora dire la verità non è merito mio o del governo
556520	563520	se l'Italia è considerata oggi una protagonista. Noi non abbiamo fatto altro che essere consapevoli
563520	568360	di quello che rappresentavamo, della grande nazione che abbiamo l'onore di guidare. Questa
568360	573660	consapevolezza è l'unica vera differenza con il passato e questa consapevolezza la portiamo
573660	579600	su tutti i tavoli, a partire da quelli relativi alle gravissime crisi internazionali che stiamo
580380	585820	vivendo. Finalmente dopo tre anni e mezzo in cui la Russia non ha dato alcun segnale
585820	592060	di dialogo, in cui pretendeva banalmente la capitolazione di Kiev, si sono aperti
592060	597520	spiragli per un percorso negoziale, spiragli che sono stati resi possibili grazie ad un'iniziativa
597520	604000	del Presidente degli Stati Uniti, ma ancora di più grazie all'eroica resistenza del
604000	611700	popolo ucraino e al compatto sostegno che l'Occidente, l'Europa e l'Italia hanno garantito, nonostante
611700	620760	un'opinione pubblica non sempre convinta. Ora, in questa opportunità di dialogo verso
620760	626380	una pace giusta, per quanto complicata, dobbiamo credere fortemente portando il nostro contributo
626380	631740	di idee e di proposte. L'Italia ha sempre sostenuto che la chiave di volta per ogni
631740	637760	percorso di pace fosse l'attivazione di robuste garanzie di sicurezza per l'Ucraina, capaci
637760	643760	di prevenire nuove guerre e nuove aggressioni è il punto di partenza, è il presupposto
643760	650580	non scontato che è stato stabilito a Washington nel recente incontro tra americani, europei
650580	657760	e ucraini. A proposito di mattoni nuovi, la proposta italiana basata sul meccanismo
657760	666560	ispirato all'articolo 5 della NATO è attualmente la principale sul tavolo, un possibile contributo
666560	674860	alla pace che la nostra nazione ha fornito e penso che dovremmo esserne fieri. E pace
674860	680300	con giustizia e sicurezza è anche quella che stiamo perseguendo con i partner europei
680300	687480	occidentali a Gaza. So che avete aperto questa edizione del meeting con un emozionante incontro
687480	694680	tra una donna israeliana madre di un rapito e una donna palestinese. E allora, noi non
694680	701300	abbiamo esitato un solo minuto nel sostenere il diritto alla sicurezza e all'autodifesa
701300	707120	di Israele dopo il massacro del 7 ottobre, un orrore che resterà sulla coscienza dei
707120	713000	terroristi che da troppo tempo si fanno scudo dei cibili a Gaza. Però allo stesso tempo
714320	722540	non possiamo tacere ora di fronte a una reazione che è andata oltre il principio di proporzionalità
722540	731040	mietendo troppe vittime innocenti, arrivando a coinvolgere anche le comunità cristiane
731040	741000	che sono da sempre un fattore di equilibrio nella regione e che ora sta mettendo al repentaglio
741000	746720	in modo definitivo anche la prospettiva storica della soluzione dei due popoli in due Stati.
746720	753420	E voglio approfittare di questa occasione anche per dire che condanniamo l'ingiustificabile
753420	760900	uccisione di giornalisti a Gaza, un inaccettabile attacco alla libertà di stampa e a tutti
760900	765300	coloro che con coraggio rischiano la vita per raccontare il dramma della guerra.
768520	776700	La nazione amica di Israele e del popolo ebraico chiediamo a tutte le nazioni, a tutte le
776700	782000	ebraiche, di stupire ogni pressione possibile su Hamas affinché rilasci gli ostaggi israeliani
782000	794820	ancora trattenuti. Chiediamo a Israele di cessare gli attacchi, di fermare l'occupazione
794820	799340	militare a Gaza, di porre fine all'espansione degli insediamenti dei coloni in Cisgiordania,
799880	806140	di consentire il pieno accesso degli aiuti umanitari nella striscia, di partire dalle
806140	810380	proposte dei paesi arabi per definire un quadro di stabilità e sicurezza.
811360	816400	E però rivendichiamo con orgoglio il ruolo ricoperto dall'Italia in questa crisi perché
816400	822100	siamo la nazione europea che si è adoperata di più sul fronte umanitario. Ringrazio per
822100	831180	questo soprattutto il ministro degli esteri Antonio Tagliani. Siamo il primo paese non
831180	836580	sul mondo al mondo per evacuazioni sanitarie da Gaza perché c'è chi scrive le emozioni
836580	845180	e urla gli slogan e c'è chi salva i bambini e io sono fiera di fare parte dei secondi.
854300	861640	Rivendichiamo il ruolo pragmatico propositivo dell'Italia sullo scacchiere internazionale
861640	867320	e in seno all'Unione Europea. Un'Unione Europea che sembra sempre più condannata all'irrilevanza
867320	874080	geopolitica, incapace di rispondere efficacemente alle sfide di competitività poste dalla Cina,
874080	879000	dagli Stati Uniti, come ha giustamente rilevato Mario Draghi qualche giorno fa da questo palco.
880180	887900	Ora io che sono passata dall'essere un impresentabile per aver collocato il mio partito all'opposizione
887900	892760	del governo Draghi all'essere definita una draghiana di ferro, adesso domani mi divertirò
892760	897340	a leggere i giornali per capire in quale delle due caselle verrò inserita stavolta, però
897340	903780	in realtà non mi interessa questo. Mi interessano invece i temi che sono stati posti. Mi interessa
904560	909400	rilevare che molte delle critiche che ho sentito rispetto all'attuale condizione dell'Unione
909400	915840	Europea le condivido così tanto da averle formulate molto spesso nel corso degli anni,
916100	920440	venendo per questo aspramente criticata anche da molti di coloro che oggi si spellano le
920440	927100	mani, ma sapevo che prima o poi tutti avrebbero dovuto fare i conti con la realtà, perché
927100	934220	questa fase di enormi mutamenti, una fase nella quale sono saltati i paradigmi su cui
934220	940340	abbiamo visto costruire l'Unione Europea e democrazie decidenti, autocratie cini che
940340	945880	ci sfidano ogni giorno, ci offre per paradosso una grande opportunità, un'opportunità che
945880	952120	noi possiamo cogliere solo se l'Unione Europea sarà capace di riscoprire la propria anima
952120	958160	delle proprie radici, sì, anche quelle culturali, anche quelle religiose colpevolmente negate
958160	972220	anni fa, banalmente, perché se non sai chi sei non puoi neanche definire il tuo ruolo
972220	979020	nel mondo, la tua missione nella storia, la burocrazia non ci tirerà fuori dalla tempesta,
979020	984360	la politica può farlo, le regolamentazioni non ci renderanno più forti, le idee possono
984360	989740	farlo, le ideologie cieche non libereranno le nostre società, i valori di riferimento
989740	998040	applicati alla realtà che viviamo possono farlo, però dobbiamo sapere che tornare ai
998040	1005960	protagonisti della storia e del proprio destino non è facile, non è indolore, non è gratis,
1005960	1012300	bisogna ad esempio essere disposti a pagare il prezzo della propria libertà e della propria
1012300	1019300	indipendenza dopo che per decenni noi abbiamo appaltato agli Stati Uniti la sicurezza europea
1019300	1025280	a costo di una inevitabile dipendenza politica. Il mondo politico dal quale provengo ha sempre
1025280	1031860	posto il problema, assumendosi la responsabilità anche il costo politico in termini di consensi
1031860	1036900	di sostenere che solo chi è in grado di difendersi da solo è veramente libero nelle
1036900	1041600	scelte che fa. Abbiamo parlato dell'esigenza di una colonna europea della NATO, di pari
1041600	1048220	forze e dignità rispetto a quella americana, quando questi temi non erano di moda e consentitemi
1048220	1055080	di dire anche qui che mi fa un po' sorridere che coloro che oggi rivendicano la necessità
1055080	1062300	di emanciparsi dagli Stati Uniti siano gli stessi che da sempre si oppongono a una politica
1062300	1066480	di indipendenza in termini di difesa e sicurezza, perché le due cose banalmente non stanno
1067380	1076960	insieme. Allora, costruire con mattoni nuovi in Europa significa soprattutto ripartire
1076960	1083520	dalla politica, sono d'accordo anche su questo, che è visione, passione, conflitto e sintesi,
1083520	1089040	partecipazione a democrazia. Significa ridurre la burocrazia soverchiante, significa sostenere
1089040	1095060	la competitività delle imprese per combattere la desertificazione produttiva, significa
1095060	1100080	rimettere l'uomo e non l'ideologia al centro della natura, significa investire sulle proprie
1100080	1106040	filiere per ridurre le troppe dipendenze strategiche che abbiamo, significa porsi il problema demografico
1106040	1111620	perché, signori, altrimenti tra non molti decenni non ci sarà alcuna civiltà europea
1111620	1125020	da difendere. Significa, come dicevo, costruire un proprio modello di sicurezza integrato
1125020	1132000	nel sistema di valori e di difesa dell'Occidente. Significa, insomma, delineare un'Europa del
1132000	1138200	pragmatismo e del realismo, andando oltre il dibattito un po' stantio tra più Europa
1138200	1144180	e meno Europa, perché la vera sfida è un'Europa che faccia meno e che lo faccia meglio, che
1144180	1149000	non soffochi gli Stati nazionali ma ne rispetti i ruoli e le specificità, che non annuli
1149000	1155140	l'identità ma le sublimi, in una sintesi virtuosa e più grande, uniti nella diversità
1155140	1159920	è del resto il motto dell'Unione Europea e io penso che sia un motto al quale dovremmo
1159920	1167820	tutti ispirarci davvero, perché i nuovi mattoni sono anche un modo nuovo di vivere identità
1167820	1173560	antiche, culturali, spirituali, religiose. Io non mi sono mai fidata di chi si vergogna
1173560	1178420	della propria identità, però non mi fido neanche di chi non è disposto a viverla in
1178420	1185460	modo nuovo. Eliot diceva che la tradizione va sempre reinventata, essere conservatori
1185460	1190820	non vuol dire costruire con mattoni vecchi, significa cercare sempre mattoni nuovi per
1190820	1196940	continuare a edificare una casa che non hai iniziato tu, significa amare le linfe di una
1196940	1201660	storia che altri hanno avviato, desiderare che grazie al tuo contributo quella storia
1201660	1207480	produca frutti sempre più abbondanti e la nostra casa a cui aggiungere mattoni nuovi
1207480	1215500	è l'Occidente, non come ho detto diverse volte un luogo fisico, ma un sistema di valori
1215500	1221220	nato tra l'incontro tra la filosofia greca, il diritto romano, l'umanismo cristiano, sintesi
1221220	1225740	che ha fertilizzato il terreno dove è cresciuta la separazione tra estate e chiesa, dove
1225740	1230080	gli uomini nascono uguali e liberi, dove la vita è sacra e la cura per i più fragili
1230080	1242360	è un valore assoluto, questo è quello che siamo, è quello che siamo e è quello che
1242360	1248720	ha permesso alla nostra civiltà di progredire nei secoli e di essere un modello da seguire,
1248960	1256580	e signori l'Occidente ha ancora molto da dire, l'Occidente ha ancora molto da dare, ma serve
1257280	1262420	consapevolezza e serve umiltà, serve sapersi mettere in discussione, serve rispetto per
1262420	1268120	noi stessi, condizione imprescindibile per rispettare anche gli altri e l'Italia cerca
1268120	1274580	di fare la sua parte anche in questo per mostrare la strada, penso che abbiamo portato mattoni
1274580	1281000	nuovi in Africa creando un modello di cooperazione che rifugge tanto l'approccio paternalistico
1281000	1286480	quanto quello predatorio, costruendo invece i partenariati basati sul rispetto reciproco,
1286540	1293000	sulla fiducia, sulla condivisione, cioè sulla capacità di guardarsi negli occhi da pari
1293000	1298840	per trovare insieme gli ambiti nei quali poter fare la differenza e avere benefici reciproci,
1299580	1310980	perché a differenza di altri attori non abbiamo secondi fini, non ci interessa sfruttare il
1310980	1318080	nostro benessere, ci interessa invece che l'Africa prosperi insieme a noi processando
1318080	1324560	le sue risorse, coltivando i suoi campi, dando lavoro e una prospettiva alle sue energie
1324560	1332660	migliori potendo contare su governi stabili e società dinamiche e abbiamo lavorato per
1332660	1336500	realizzare questo approccio, lo abbiamo fatto soprattutto come sapete attraverso il piano
1336500	1343880	per l'Africa, cioè la strategia che l'Italia porta avanti assieme a diverse nazioni africane
1343880	1349260	per favorire investimenti di qualità, grandi progetti in campo infrastrutturale, energetico
1349260	1354920	produttivo e soprattutto di valorizzazione del capitale umano, perché la formazione
1354920	1361320	e l'educazione sono due costanti dei progetti che abbiamo lanciato, dal grande centro di
1361320	1365620	formazione e innovazione in ambito agricolo che nascerà in Algeria fino all'impegno
1365620	1371000	che stiamo portando avanti con la fondazione Ars in costa d'Aborio per raggiungere oltre
1371000	1376900	800 scuole primarie e circa 200 mila bambini e ragazzi che vivono nei contesti più difficili.
1385020	1395240	Però quello che vogliamo costruire non è un semplice pacchetto di progetti, è un nuovo
1395240	1399780	modo di operare perché credono nei valori della centralità della persona, della dignità
1399780	1404400	del lavoro, della libertà e sta diventando un modello anche per molti altri paesi e sono
1404400	1409260	fiera che quel modello coinvolga le energie migliori della nostra nazione in un gioco
1409260	1414620	di squadra che mette insieme tutto il sistema Italia, il settore privato, la società civile,
1414720	1421380	il terzo settore ed è la prova che quando l'Italia agisce con visione e concretezza
1421380	1428580	ma anche unita riesce a fare la differenza. Abbiamo posato mattoni nuovi sul fronte delle
1428580	1436000	migrazioni contrastando gli arrivi irregolari, ampliando quelli irregolari in una cornice
1436000	1443080	di serietà e rigore come non era mai avvenuto prima e lo abbiamo fatto perché l'immigrazione
1443080	1448960	regolata e legale può rappresentare una ricchezza per ogni nazione ma l'immigrazione illegale
1448960	1462160	incontrollata è un danno per qualsiasi società. Il punto è che non ci interessa sfruttare
1462160	1468000	la migrazione per avere mano d'opera a basso costo da impiegare nei nostri sistemi produttivi,
1468300	1475080	ci interessa invece combattere le cause profonde che spingono tanti, troppi giovani, a pagare
1475080	1480160	trafficanti senza scrupoli per affrontare viaggi potenzialmente letali alla ricerca
1480160	1490260	di una vita migliore che quasi mai le nostre società riescono a garantire. Ci interessa
1491340	1499120	codificare e difendere il diritto a non dover emigrare perché è assolutamente vero quello
1499120	1506140	che ci ricorda un grande uomo di chiesa come il Cardinale Robert Sarà quando dice che
1506140	1512420	chi ritiene le migrazioni necessarie e indispensabili compie di fatto un atto egoistico. Se i giovani
1512420	1517040	lasciano la loro terra e il loro popolo, si chiede, Sarà, rincorrendo la promessa di
1517040	1529100	una vita migliore, che ne Sarà della storia, della cultura, dell'esistenza del paese che
1529100	1536220	l'Italia con questo governo ha svolto un ruolo che io considero decisivo anche per cambiare
1536220	1540240	l'approccio europeo nei confronti di questa sfida, perché se oggi ci si pone come priorità
1540240	1544680	l'attuazione dei partenariati paritari con i Paesi di origine e transito, la difesa dei
1544680	1549120	confini esterni dell'Unione Europea, il rafforzamento della politica dei rimpatri, la costruzione
1549120	1554740	di soluzioni innovative, questo lo si deve al nostro coraggio, alla nostra determinazione.
1555500	1560360	Sono scelte che hanno portato a un duplice risultato, come sapete, a battere drasticamente
1560360	1565360	gli ingressi irregolari, ma soprattutto a ridurre il numero dei morti e dei dispersi
1565360	1571360	in mare, ed è questo il risultato che più ci deve rendere orgogliosi, perché non c'è
1571360	1575600	niente di più importante che salvare una vita umana o strapparla agli artigli dei
1575760	1582760	afficanti di esseri umani. E voglio dire con chiarezza, in apertura di questa stagione,
1583640	1588300	che ogni tentativo che verrà fatto di impedirci di governare questo fenomeno con serietà
1588300	1602240	e determinazione sarà rispedito al mittente. Non c'è giudice politico o burocrate che
1602500	1608360	possa impedirci di far rispettare la legge dello Stato italiano, di garantire la sicurezza
1608360	1614220	dei nostri cittadini, di combattere gli schiavisti del III millennio, di salvare vite umane,
1617520	1623360	perché quello che vogliamo dimostrare è che la politica può tornare autorevole, però
1623360	1628460	per farlo deve sapere mettere la faccia sulle sfide difficili. E' quello che abbiamo fatto
1628460	1634200	ad esempio in quei territori della nostra nazione che erano stati colpevolmente abbandonati
1634200	1643240	dallo Stato e lasciati al degrado e alle mafie. Stiamo ricostruendo con mattoni nuovi, restituendo
1643240	1649920	speranza, riportando la gioia delle cose normali come un parco per far giocare i bambini, un
1649920	1655500	asilo dove far crescere i figli, un centro dove fare sport, un'università nella quale
1655500	1660740	valorizzare il talento dei ragazzi. Siamo partiti come sapete da Caivano. In quel territorio
1660740	1665700	abbiamo dimostrato che lo Stato può mantenere la parola data, può rispettare un impegno,
1665840	1674420	può mostrare il suo volto credibile. Perché se ci pensate, in fondo, è banalmente questo
1675060	1679620	che i cittadini si aspettano dalla politica. Il coraggio di saper affrontare i problemi
1680380	1686820	anche a costo di fallere. L'ostinata determinazione a servire il bene comune, mettendo sempre
1686820	1694660	al centro le persone, in particolare i bisogni dei più deboli. Perché non c'è un altro
1694660	1700440	modo come ci ha ricordato di recente anche Papa Leone per rendere la politica la forma
1700440	1706700	più alta di carità. Ma quello che abbiamo fatto a Caivano non è che il punto di partenza
1706700	1714660	di un percorso molto più esteso, che vuole avviare in tutte quelle realtà dove lo Stato
1714660	1719600	aveva preferito indietreggiare piuttosto che rischiare. Ora sono 8 i territori dove stiamo
1719600	1723140	concentrando il nostro lavoro, territori nei quali stiamo estendendo. Il modello che
1723140	1727860	a Caivano ci ha permesso, ad esempio, anche di offrire agli adolescenti alternative vere
1727860	1734300	e concrete alle piazze di spaccio, alla criminalità, alla violenza, alle marginazione. Certo la
1734860	1740620	sfida che abbiamo di fronte è una sfida enorme, nessuno ovviamente di noi è tanto
1740620	1745840	arrogante da sostenere che i problemi sono stati risolti, ma è un dato di fatto che questo
1745840	1750600	governo ha scelto anche su questo fronte di non girarsi dall'altra parte come invece
1750600	1764280	molti altri avevano fatto. Vogliamo ricostruire con i mattoni nuovi della verità, con il
1764280	1771640	tempo ideologie irragionevoli hanno tentato di negare, come che la droga fa schifo, distrugge
1771640	1779800	la vita, ti promette qualcosa che non può darti e mentre lo fa ti riduce a uno schiavo,
1781600	1789140	ma anche dall'altra parte, che se cadi nella dipendenza non sei perduto, che se chiedi
1789140	1794960	aiuto, troverai qualcuno disposto a prenderti per mano, a condividere la tua lotta, le tue
1794960	1800380	resistenze, le tue oscurità per costruire insieme un futuro di libertà. Una di quelle
1800380	1806180	realtà è qui vicino, è San Patrignano, io sarò loro ospite tra poco, ma ce ne sono
1806180	1817540	davvero moltissimi. Messaggi chiari, per carità coraggiosi per un tempo come questo, che però
1817540	1822940	sono accompagnati anche dai fatti, come gli investimenti record sul fronte della prevenzione
1822940	1827900	alla tossicodipendenza, a 165 milioni, circa il doppio di quanto disponibile negli anni
1827900	1833780	precedenti, il sostegno concreto appunto a un mondo fatto di comunità, di servizi,
1833860	1839160	di volontari, di operatori, che per troppo tempo ha operato nell'indifferenza delle
1840620	1846400	istituzioni e non desiderava altro che lo Stato fosse schierato al suo fianco. A quelle
1846400	1852260	realtà voglio confermare che lo Stato al loro fianco oggi c'è, e non importa quanto
1852260	1858680	sia faticoso, perché è una fatica meravigliosa, carica di amore, di speranza e di futuro.
1867300	1873860	E perché la rassegnazione per noi non è mai stata un'opzione, non lo è neanche di
1873860	1880400	fronte al processo che a molti sembra ormai ineludibile di glaciazione demografica delle
1880400	1888040	società occidentali. Anche qui, come ho detto molte volte, il declino non è l'unico scenario
1888040	1894200	possibile, il declino è sempre una scelta. Combattere quel declino è la nostra scelta
1894200	1900620	e faremo ogni sforzo necessario a ricostruire una società amica della famiglia, amica
1900620	1906120	della natalità, nella quale la genitorialità sia un valore socialmente riconosciuto, protetto
1906120	1921980	e sostenuto, nella quale la famiglia torni a essere riconosciuta e valorizzata per il
1921980	1929700	ruolo insostituibile che svolge. E lo dico anche annunciando che una delle priorità
1929700	1934440	sulle quali intendiamo lavorare insieme al ministro delle infrastrutture Matteo Salvini,
1934520	1941660	che ringrazio, è un grande piano casa a prezzi calmierati per le giovani coppie, perché
1941660	1953920	senza una casa è molto più difficile costruire una famiglia. Nonostante la scarza disponibilità
1955160	1962120	di risorse che avevamo, questo governo non ha rinunciato a compiere scelte coraggiosi,
1962240	1967060	garantendo nel solo 2024 benefici netti per le famiglie per oltre 16 miliardi di euro,
1967840	1973100	aumentando i mesi di congedo parentale retribuito all'80%, rendendo l'asilo nido gratuito per
1973100	1977680	il secondo figlio, solo per citare alcuni provvedimenti che rendono però il tema della
1977680	1982980	conciliazione vita lavoro un fatto concreto e non semplicemente uno slogan decantato.
1982980	1991760	Però dobbiamo dirci anche che tutto questo rischia di essere vano, senza un clima culturale
1991760	2000840	nuovo e diverso, che dobbiamo costruire insieme. Cattivi maestri hanno proclamato per decenni
2000840	2008780	che la genitorialità era un concetto arcaico e patriarcale, che andava combattuto e sostituito
2008780	2015460	da valori più moderni, solo che non c'è nulla di moderno nell'affittare l'utero di una donna
2015460	2021400	povera, nel privare per legge un bambino della figura del padre o della madre, nel far passare
2021400	2027400	il messaggio che la genitorialità è nemica dell'affermazione personale o addirittura
2027400	2033720	che i figli non vanno messi al mondo perché inquinano. Solo l'ignoranza può sostenere
2033720	2039400	queste tesi deliranti e con l'ignoranza non si può costruire nessuna modernità.
2048340	2053540	Chiaramente il lavoro è una chiave di volta di questa impalcatura e particolarmente il
2053540	2059440	lavoro delle donne e mi rende orgogliosa sapere che sotto il mio governo, il primo guidato
2059440	2063780	da una donna, si sia raggiunto il record di occupazione femminile, anche se non sono
2063780	2069040	ancora soddisfatta. Certamente i dati sull'andamento dell'occupazione in Italia dicono che con
2069040	2074280	scelte giuste si può anche qui costruire con mattoni nuovi, dando finalmente piena
2074280	2082060	attuazione al primo articolo della nostra Costituzione. Come sapete, tra pochi giorni,
2082060	2089540	il 7 settembre, la Chiesa proclamerà a Santo un ragazzo di 24 anni. Quel ragazzo proveniva
2089540	2094620	da una delle famiglie più ricche e importanti della sua città e chiaramente avrebbe potuto
2094620	2100560	godere della sua condizione privilegiata, ma non lo ha fatto. Ha scelto invece di mettersi
2100560	2105340	al servizio del prossimo di chi aveva più bisogno. Quel ragazzo si chiamava Pier Giorgio
2105340	2110960	Frassati e nella Torino operaia industriale dei primi decenni del Novecento dedicava
2110960	2118620	le sue energie agli ultimi, ai più poveri. Dava loro anche del denaro, ma su tutto si
2118620	2124480	dava da fare per procurare loro un lavoro. E quando gli si pose il caso di un padre di
2124480	2131020	famiglia rimasto disoccupato, che non poteva più svolgere manzioni pesanti, allora scelse
2131020	2138160	di donargli in maniera anonima 500 lire per consentirli di avviare una piccola attività,
2138160	2145160	una gelateria. E quando gli fu chiesto se sperasse di rivedere indietro i suoi soldi,
2146180	2152160	lui rispose, è bello dare del denaro e del pane, è ancora più bello dare del lavoro,
2153580	2160120	perché è nel lavoro che l'uomo trova la sua piena dignità. È nella realizzazione del lavoro
2161240	2171060	che l'uomo comprende il suo valore. Un uomo disoccupato, diceva Don Giussani, soffre un
2171060	2176500	attentato grave alla coscienza di se stesso, perché un uomo conosce se stesso solo in
2176500	2179840	azione, durante l'azione, mentre è in azione.
2190700	2195900	Per troppo tempo, prima di noi, chi ha governato l'Italia ha smarrito questi insegnamenti,
2196000	2202980	ha confuso il diritto al lavoro con il diritto a un reddito, rifugiandosi nell'assistenzialismo
2202980	2211940	pur di non esercitare quel faticoso dovere che è in capo allo Stato, e cioè il compito
2211940	2220180	di creare le condizioni affinché il diritto al lavoro sia concretamente garantito. Al
2220180	2226060	Stato, i riusciti, come il reddito di cittadinanza, de-responsabilizzano la società e atrofizzano
2226060	2232860	le persone. La sussidiarietà, cioè la società dovunque possibile, lo Stato quando necessario,
2233200	2238700	mobilitino le persone. Abbiamo sempre pensato che la vera ricchezza di una nazione e di
2238700	2250160	un popolo risieda nel lavoro. Questa è la visione che abbiamo seguito e declinato in
2250160	2255940	fondo non abbiamo fatto altro che credere nell'Italia, credere nelle sue imprese, credere
2255940	2260040	nei suoi lavoratori, mettere quelle imprese e quei lavoratori nelle condizioni migliori
2260040	2266800	per liberare il loro potenziale. I dati positivi che stiamo registrando sul fronte dell'occupazione
2266800	2272520	chiaramente ci incoraggiano a proseguire in questa direzione per consolidare quella traiettoria
2272520	2277400	di crescita che ha permesso in poco più di mille giorni di creare oltre un milione di
2277400	2282500	nuovi posti di lavoro, la gran parte dei quali a tempo indeterminato. Però ci poniamo
2282500	2288780	un obiettivo altrettanto ambizioso che è quello di ricostruire su basi nuove la dinamica
2288780	2294340	tra lavoratori e datori di lavoro, dinamica che in un tessuto produttivo come il nostro,
2294400	2301300	fatto in gran parte da piccole e medie imprese, non può che essere fondata sulla condivisione
2301300	2307380	e non sullo scontro, perché io non ho mai conosciuto un solo imprenditore che non considera
2307380	2312040	se i suoi dipendenti la principale risorsa che aveva a disposizione.
2318480	2325260	Il primo fondamentale mattone nuovo che abbiamo cementato insieme alle parti sociali e ai
2325260	2331280	corpi intermedi è stata la legge di iniziativa popolare storica battaglia della destra,
2331320	2336260	poi promossa dalla CISLA, approvata dal Parlamento, sostenuta dal Governo sulla partecipazione
2336260	2342660	dei lavoratori alla gestione d'impresa, un traguardo che l'Italia aspettava da 80 anni
2344840	2349620	e che è un punto di partenza chiaramente per declinare una visione autenticamente
2349620	2356360	sussidiaria del lavoro e della produzione. Abbiamo rimesso al centro il lavoro, ma ci
2356360	2360040	siamo anche occupati di restituire all'Italia quella credibilità di cui aveva bisogno per
2360040	2365320	affrontare un quadro economico, finanziario e internazionale, come si ricordava tra i
2365320	2370520	più complessi di sempre. È una credibilità riconosciuta dai mercati, dagli investitori,
2370520	2376080	dai risparmiatori che abbiamo saputo costruire dimostrando sì, certo, attenzione ai contri
2376080	2381900	pubblici, però senza rinunciare a destinare risorse record alla sanità, al sostegno
2381900	2386520	alle imprese, al potere d'acquisto dei lavoratori con redditi più bassi, delle famiglie più
2386520	2392620	fragili. Lo abbiamo fatto con il taglio del cuneo fiscale reso strutturale, la detassazione
2392620	2398820	dei premi di produttività e dei fringe benefit, l'IRPF premiale per le imprese che investono
2398820	2403180	e assumono, la decontribuzione, la superdeduzione del costo del lavoro prevista sempre in favore
2403180	2408120	delle imprese che creano occupazione. Abbiamo avviato la riforma dell'IRPF con la riduzione
2408120	2414420	da 4 a 3 aliquote, con un intervento che chiaramente ha un effetto diretto tangibile sulle tasche
2414420	2417760	dei lavoratori e dei pensionati. Ora è tempo di fare di più.
2417760	2422900	Ora vogliamo concentrare la nostra attenzione sul ceto medio, così da rendere il sistema
2422900	2426920	più equo, più incentivante per chi produce reddito e contribuisce allo sviluppo della
2426920	2437180	nazione. Allo stesso modo, intendiamo continuare a sostenere le imprese, dove l'obiettivo
2437180	2443860	principale e più ambizioso che mi pongo rimane quello dell'abbassamento strutturale
2443860	2450000	del costo dell'energia che pesa come un macigno sulla competitività italiana.
2456900	2463940	Eppure, la centralità del lavoro della persona rimarrebbe un richiamo teorico, se non implicasse
2463940	2472200	anche un impegno serio per l'educazione e la formazione, che è non il mattone nuovo,
2472980	2479100	ma l'architrave stesso su cui è possibile costruire un'Italia protagonista della nuova
2483940	2489660	epoca. Stiamo lavorando per moltiplicare le opportunità, valorizzare il merito, che
2489660	2495160	è l'unico vero ascensore sociale che abbiamo a disposizione, si è accompagnato ovviamente
2495160	2499840	da uguaglianza nel punto di partenza. Ed è un percorso che abbiamo avviato non solo
2499840	2505940	assicurando maggiori strumenti, risorse organiche al mondo della scuola, dell'università, della
2505940	2511360	ricerca, non solo con la riforma dell'istruzione tecnica e professionale, perché per noi la sfida
2511360	2518520	non è l'alternanza a scuola-lavoro, ma semmai una grande alleanza tra scuola e lavoro, ma anche
2519420	2525880	con il coraggio di introdurre piccole grandi rivoluzioni come quella che riguarda le modalità
2525880	2532440	di accesso alla facoltà di medicina. E se vogliamo avere il coraggio di portare altri
2532440	2537960	mattoni nuovi nel mondo dell'educazione, penso che non dobbiamo avere timore nel completare
2537960	2543220	il percorso avviato in questi anni e trovare gli strumenti che assicurino alle famiglie,
2543300	2548880	in primis alle famiglie con minori capacità economiche, di esercitare pienamente la libertà
2548880	2564500	educativa sancita dalla Costituzione. L'Italia rimane l'ultima nazione in Europa
2564500	2570020	senza un'effettiva parità scolastica e io credo che sia giusto ragionare sulla questione
2570020	2575340	con progressività, con buon senso, ma soprattutto sgombrando il campo da quei pregiudizi ideologici
2575340	2580540	che per troppo tempo hanno impedito di affrontare seriamente il tempo.
2591500	2596180	Eppure tutte queste politiche apparentemente settoriali, insieme alle tante altre che non
2596180	2604980	citerò per ragioni di tempo, devono rientrare in un più ampio progetto di innovazione dell'impalcatura
2604980	2609140	dello Stato, che è quello che gli italiani ci hanno chiesto di attuare dopo decenni
2609140	2616640	di mobilismo e che io penso si debba continuare a perseguire con coraggio, anche di fronte
2616640	2622980	a resistenze che possono sembrare insormontabili ma in realtà non lo sono. Così andremo avanti
2622980	2629920	con le tre grandi riforme, prima fra tutte quella del premierato, perché riteniamo l'elezione
2629920	2635160	diretta del capo del governo, la garanzia più solida per la stabilità e la governabilità
2635160	2641660	e la stabilità, lo stiamo vedendo in questi mesi, è uno straordinario fattore di competitività
2641660	2648980	della nazione. Non solo l'elezione diretta è anche il modo migliore per affermare la
2648980	2654460	democrazia, per assicurare la piena corrispondenza tra il mandato popolare, il voto dei cittadini
2654460	2660500	da un lato e la composizione del governo dall'altro. Vogliamo archiviare una volta per tutte la
2660500	2665480	stagione in cui i cittadini votavano in un modo e poi vedevano formarsi governi di segno
2665480	2677640	diametralmente opposto all'esito elettorale. Chiaramente a un potere esecutivo fortemente
2677640	2682760	legittimato sul piano democratico si deve accompagnare anche un processo di crescente
2683520	2688420	responsabilizzazione dei territori e di chi amministra quei territori è per questo che
2688420	2693680	andremo avanti anche con la riforma dell'autonomia differenziata, con la riforma di Roma capitale,
2693840	2699580	chiaramente avendo sempre cura che queste siano un fattore di stimolo, non certo di svantaggio
2699580	2704460	competitivo per alcuni territori e andremo avanti sulla riforma della giustizia.
2715000	2722440	Andremo avanti sulla riforma della giustizia nonostante le invasioni di campo di una minoranza
2722440	2734960	di giudici politicizzati che provano a sostituirsi al Parlamento e alla volontà popolare. Andremo
2738440	2745020	avanti non per sottomettere il potere giudiziario al potere politico, come dice qualcuno male
2745020	2751200	informato o più spesso in mala fede, ma al contrario, per rendere la giustizia più
2751200	2756440	efficiente per i cittadini e meno condizionata dalla mala pianta delle correnti politiche
2756440	2762700	dei pregiudizi ideologici, per liberarla dalla politica.
2772500	2781400	Presidente Scholz, cari amici, costruire con mattoli nuovi significa trovare energie
2781400	2788640	e idee nuove. E io sono consapevole che queste idee non vengono necessariamente dai luoghi
2788640	2796860	della politica, ma dai esempi nella società che cercano più bene per tutti e non un
2796860	2804280	bene parziale per pochi. Il Meeting è un luogo che dà voce a tante persone, a tanti
2805500	2818100	tanti giovani così anticonformisti da preferire l'impegno ai video su TikTok, a tante opere
2818100	2824540	autenticamente sociali, a tante imprese impegnate a far crescere l'Italia con generosità inventiva.
2824540	2832240	È un luogo che esprime una categoria in cui, di cui particolarmente in quest'anno
2832240	2842700	di giubileo, la speranza e la voglia di costruire quella speranza è il tratto distintivo. Io,
2843280	2852200	il governo, l'Italia, abbiamo un disperato bisogno di quella speranza e della voglia
2852200	2858940	di costruire quella speranza. Quindi non sono qui a cercare consenso, sono qui a chiedervi
2858940	2865560	una mano, perché senza luoghi di società viva la politica non ce la può fare.
2878880	2886480	Voi che siete rimasti fedeli al carisma del vostro fondatore non avete mai disprezzato
2886480	2894000	la politica. Anzi, non vi siete rinchiusi nelle sacristie nelle quali volevano confinarvi,
2894000	2903280	vi siete sempre sporcati le mani, declinando nella realtà quella scelta religiosa alla
2903280	2907780	quale mezzo secolo fa altri volevano ridurre il mondo cattolico italiano e che San Giovanni
2907780	2912740	Paolo II ha ribaltato quando ha descritto la coerenza nella distinzione degli ambiti
2912740	2915460	tra fede, cultura e impegno politico.
2919940	2928920	Don Giussani in un suo celebre discorso tenuto ad assago nel 1987 invitava i politici a guardare
2928920	2935380	sempre ai movimenti che dal basso nella società esprimono il senso religioso, cioè quella
2935380	2942260	energia sacra del cuore che si evidenzia come desiderio di libertà e di giustizia,
2942260	2950100	come rispetto per la dignità di chiunque, come opere che aiutano le persone a unirsi
2950100	2957620	a fare rete, a lavorare. C'è bisogno di questo per reagire in un tempo stanco e disincantato
2957620	2963600	ma nel quale la speranza ancora resiste, quella speranza che non cede, che si radica nella
2963600	2971040	determinazione, che ci spinge a credere e a combattere anche quando tutto sembra avversarci,
2971680	2978980	quella speranza che Thomas Sturms Elliott veste di poesia facendo innalzare al cielo
2978980	2983980	dagli operai un canto d'amore e di gioia in un deserto che avrebbe fatto fuggire anche
2983980	2991760	i più temerari. Costruiremo il principio e la fine della strada, ne costruiamo il senso,
2991940	2999600	una chiesa per tutti, un mestiere per ciascuno, ognuno al suo lavoro. Dunque, ciascuno prenda
2999600	3004080	al suo escemento i suoi mattoni perché è ora di costruire insieme. Grazie.
3038100	3044280	Grazie Presidente, grazie per le sue parole di stima, di incoraggiamento e posso assicurare
3045520	3053640	che noi andiamo avanti a costruire luoghi di socialità viva, costruttivi e di speranza. Grazie mille.
