{
  "politicians": [
    "gentiloni",
    "andreotti",
    "conte",
    "fanfani",
    "de mita",
    "degasperi",
    "renzi",
    "monti",
    "dini",
    "d'alema",
    "amato",
    "letta",
    "prodi",
    "meloni",
    "berlusconi",
    "draghi",
    "ciampi"
  ],
  "overlap_matrix": [
    [
      172.0,
      49.0,
      68.0,
      51.0,
      65.0,
      64.0,
      68.0,
      76.0,
      84.0,
      71.0,
      79.0,
      83.0,
      78.0,
      80.0,
      72.0,
      70.0,
      73.0
    ],
    [
      49.0,
      1000.0,
      379.0,
      418.0,
      462.0,
      453.0,
      447.0,
      450.0,
      450.0,
      503.0,
      498.0,
      468.0,
      480.0,
      442.0,
      460.0,
      329.0,
      423.0
    ],
    [
      68.0,
      379.0,
      1000.0,
      424.0,
      387.0,
      422.0,
      463.0,
      503.0,
      510.0,
      474.0,
      490.0,
      495.0,
      481.0,
      494.0,
      495.0,
      394.0,
      465.0
    ],
    [
      51.0,
      418.0,
      424.0,
      1000.0,
      434.0,
      501.0,
      462.0,
      518.0,
      532.0,
      513.0,
      506.0,
      494.0,
      490.0,
      488.0,
      526.0,
      396.0,
      501.0
    ],
    [
      65.0,
      462.0,
      387.0,
      434.0,
      1000.0,
      464.0,
      529.0,
      480.0,
      501.0,
      610.0,
      579.0,
      550.0,
      552.0,
      509.0,
      516.0,
      346.0,
      449.0
    ],
    [
      64.0,
      453.0,
      422.0,
      501.0,
      464.0,
      1000.0,
      480.0,
      531.0,
      583.0,
      562.0,
      560.0,
      516.0,
      556.0,
      520.0,
      575.0,
      401.0,
      507.0
    ],
    [
      68.0,
      447.0,
      463.0,
      462.0,
      529.0,
      480.0,
      1000.0,
      556.0,
      568.0,
      642.0,
      623.0,
      654.0,
      631.0,
      660.0,
      632.0,
      389.0,
      489.0
    ],
    [
      76.0,
      450.0,
      503.0,
      518.0,
      480.0,
      531.0,
      556.0,
      1000.0,
      709.0,
      631.0,
      664.0,
      694.0,
      671.0,
      593.0,
      611.0,
      579.0,
      679.0
    ],
    [
      84.0,
      450.0,
      510.0,
      532.0,
      501.0,
      583.0,
      568.0,
      709.0,
      1000.0,
      696.0,
      699.0,
      674.0,
      688.0,
      662.0,
      647.0,
      550.0,
      663.0
    ],
    [
      71.0,
      503.0,
      474.0,
      513.0,
      610.0,
      562.0,
      642.0,
      631.0,
      696.0,
      1000.0,
      736.0,
      693.0,
      702.0,
      667.0,
      660.0,
      461.0,
      583.0
    ],
    [
      79.0,
      498.0,
      490.0,
      506.0,
      579.0,
      560.0,
      623.0,
      664.0,
      699.0,
      736.0,
      1000.0,
      712.0,
      713.0,
      666.0,
      664.0,
      482.0,
      609.0
    ],
    [
      83.0,
      468.0,
      495.0,
      494.0,
      550.0,
      516.0,
      654.0,
      694.0,
      674.0,
      693.0,
      712.0,
      1000.0,
      717.0,
      672.0,
      646.0,
      510.0,
      619.0
    ],
    [
      78.0,
      480.0,
      481.0,
      490.0,
      552.0,
      556.0,
      631.0,
      671.0,
      688.0,
      702.0,
      713.0,
      717.0,
      1000.0,
      654.0,
      655.0,
      496.0,
      604.0
    ],
    [
      80.0,
      442.0,
      494.0,
      488.0,
      509.0,
      520.0,
      660.0,
      593.0,
      662.0,
      667.0,
      666.0,
      672.0,
      654.0,
      1000.0,
      673.0,
      449.0,
      555.0
    ],
    [
      72.0,
      460.0,
      495.0,
      526.0,
      516.0,
      575.0,
      632.0,
      611.0,
      647.0,
      660.0,
      664.0,
      646.0,
      655.0,
      673.0,
      1000.0,
      426.0,
      563.0
    ],
    [
      70.0,
      329.0,
      394.0,
      396.0,
      346.0,
      401.0,
      389.0,
      579.0,
      550.0,
      461.0,
      482.0,
      510.0,
      496.0,
      449.0,
      426.0,
      1000.0,
      614.0
    ],
    [
      73.0,
      423.0,
      465.0,
      501.0,
      449.0,
      507.0,
      489.0,
      679.0,
      663.0,
      583.0,
      609.0,
      619.0,
      604.0,
      555.0,
      563.0,
      614.0,
      1000.0
    ]
  ],
  "jaccard_matrix": [
    [
      1.0,
      0.0436,
      0.0616,
      0.0455,
      0.0587,
      0.0578,
      0.0616,
      0.0693,
      0.0772,
      0.0645,
      0.0723,
      0.0762,
      0.0713,
      0.0733,
      0.0655,
      0.0635,
      0.0664
    ],
    [
      0.0436,
      1.0,
      0.2338,
      0.2642,
      0.3004,
      0.2928,
      0.2878,
      0.2903,
      0.2903,
      0.336,
      0.3316,
      0.3055,
      0.3158,
      0.2837,
      0.2987,
      0.1969,
      0.2682
    ],
    [
      0.0616,
      0.2338,
      1.0,
      0.269,
      0.2399,
      0.2674,
      0.3012,
      0.336,
      0.3423,
      0.3106,
      0.3245,
      0.3289,
      0.3167,
      0.328,
      0.3289,
      0.2453,
      0.3029
    ],
    [
      0.0455,
      0.2642,
      0.269,
      1.0,
      0.2771,
      0.3342,
      0.3004,
      0.3495,
      0.3624,
      0.345,
      0.3387,
      0.328,
      0.3245,
      0.3228,
      0.3569,
      0.2469,
      0.3342
    ],
    [
      0.0587,
      0.3004,
      0.2399,
      0.2771,
      1.0,
      0.3021,
      0.3596,
      0.3158,
      0.3342,
      0.4388,
      0.4075,
      0.3793,
      0.3812,
      0.3414,
      0.3477,
      0.2092,
      0.2895
    ],
    [
      0.0578,
      0.2928,
      0.2674,
      0.3342,
      0.3021,
      1.0,
      0.3158,
      0.3615,
      0.4114,
      0.3908,
      0.3889,
      0.3477,
      0.385,
      0.3514,
      0.4035,
      0.2508,
      0.3396
    ],
    [
      0.0616,
      0.2878,
      0.3012,
      0.3004,
      0.3596,
      0.3158,
      1.0,
      0.385,
      0.3966,
      0.4728,
      0.4524,
      0.4859,
      0.4609,
      0.4925,
      0.462,
      0.2415,
      0.3236
    ],
    [
      0.0693,
      0.2903,
      0.336,
      0.3495,
      0.3158,
      0.3615,
      0.385,
      1.0,
      0.5492,
      0.4609,
      0.497,
      0.5314,
      0.5049,
      0.4215,
      0.4399,
      0.4075,
      0.514
    ],
    [
      0.0772,
      0.2903,
      0.3423,
      0.3624,
      0.3342,
      0.4114,
      0.3966,
      0.5492,
      1.0,
      0.5337,
      0.5373,
      0.5083,
      0.5244,
      0.4948,
      0.4782,
      0.3793,
      0.4959
    ],
    [
      0.0645,
      0.336,
      0.3106,
      0.345,
      0.4388,
      0.3908,
      0.4728,
      0.4609,
      0.5337,
      1.0,
      0.5823,
      0.5302,
      0.5408,
      0.5004,
      0.4925,
      0.2995,
      0.4114
    ],
    [
      0.0723,
      0.3316,
      0.3245,
      0.3387,
      0.4075,
      0.3889,
      0.4524,
      0.497,
      0.5373,
      0.5823,
      1.0,
      0.5528,
      0.554,
      0.4993,
      0.497,
      0.3175,
      0.4378
    ],
    [
      0.0762,
      0.3055,
      0.3289,
      0.328,
      0.3793,
      0.3477,
      0.4859,
      0.5314,
      0.5083,
      0.5302,
      0.5528,
      1.0,
      0.5588,
      0.506,
      0.4771,
      0.3423,
      0.4482
    ],
    [
      0.0713,
      0.3158,
      0.3167,
      0.3245,
      0.3812,
      0.385,
      0.4609,
      0.5049,
      0.5244,
      0.5408,
      0.554,
      0.5588,
      1.0,
      0.4859,
      0.487,
      0.3298,
      0.4327
    ],
    [
      0.0733,
      0.2837,
      0.328,
      0.3228,
      0.3414,
      0.3514,
      0.4925,
      0.4215,
      0.4948,
      0.5004,
      0.4993,
      0.506,
      0.4859,
      1.0,
      0.5072,
      0.2895,
      0.3841
    ],
    [
      0.0655,
      0.2987,
      0.3289,
      0.3569,
      0.3477,
      0.4035,
      0.462,
      0.4399,
      0.4782,
      0.4925,
      0.497,
      0.4771,
      0.487,
      0.5072,
      1.0,
      0.2706,
      0.3918
    ],
    [
      0.0635,
      0.1969,
      0.2453,
      0.2469,
      0.2092,
      0.2508,
      0.2415,
      0.4075,
      0.3793,
      0.2995,
      0.3175,
      0.3423,
      0.3298,
      0.2895,
      0.2706,
      1.0,
      0.443
    ],
    [
      0.0664,
      0.2682,
      0.3029,
      0.3342,
      0.2895,
      0.3396,
      0.3236,
      0.514,
      0.4959,
      0.4114,
      0.4378,
      0.4482,
      0.4327,
      0.3841,
      0.3918,
      0.443,
      1.0
    ]
  ]
}