{
  "politicians": [
    "gentiloni",
    "leone",
    "conte",
    "fanfani",
    "degasperi",
    "cossiga",
    "de mita",
    "goria",
    "forlani",
    "craxi",
    "spadolini",
    "andreotti",
    "monti",
    "dini",
    "d'alema",
    "amato",
    "prodi",
    "letta",
    "meloni",
    "berlusconi",
    "renzi",
    "ciampi",
    "draghi",
    "rumor",
    "colombo"
  ],
  "overlap_matrix": [
    [
      172.0,
      39.0,
      68.0,
      51.0,
      64.0,
      68.0,
      69.0,
      69.0,
      65.0,
      72.0,
      63.0,
      70.0,
      77.0,
      83.0,
      71.0,
      79.0,
      77.0,
      84.0,
      80.0,
      72.0,
      69.0,
      73.0,
      71.0,
      52.0,
      39.0
    ],
    [
      39.0,
      1000.0,
      269.0,
      287.0,
      314.0,
      371.0,
      308.0,
      305.0,
      309.0,
      320.0,
      348.0,
      368.0,
      315.0,
      320.0,
      333.0,
      336.0,
      324.0,
      317.0,
      308.0,
      336.0,
      317.0,
      290.0,
      245.0,
      223.0,
      171.0
    ],
    [
      68.0,
      269.0,
      1000.0,
      424.0,
      423.0,
      441.0,
      426.0,
      465.0,
      453.0,
      485.0,
      454.0,
      489.0,
      500.0,
      514.0,
      470.0,
      490.0,
      485.0,
      494.0,
      490.0,
      495.0,
      480.0,
      466.0,
      402.0,
      306.0,
      250.0
    ],
    [
      51.0,
      287.0,
      424.0,
      1000.0,
      501.0,
      468.0,
      482.0,
      523.0,
      542.0,
      549.0,
      534.0,
      536.0,
      511.0,
      536.0,
      514.0,
      506.0,
      491.0,
      494.0,
      491.0,
      526.0,
      470.0,
      501.0,
      399.0,
      372.0,
      285.0
    ],
    [
      64.0,
      314.0,
      423.0,
      501.0,
      1000.0,
      563.0,
      500.0,
      514.0,
      547.0,
      593.0,
      605.0,
      600.0,
      527.0,
      583.0,
      560.0,
      560.0,
      561.0,
      513.0,
      523.0,
      575.0,
      480.0,
      507.0,
      403.0,
      362.0,
      304.0
    ],
    [
      68.0,
      371.0,
      441.0,
      468.0,
      563.0,
      1000.0,
      578.0,
      527.0,
      557.0,
      592.0,
      618.0,
      666.0,
      523.0,
      578.0,
      621.0,
      624.0,
      578.0,
      558.0,
      566.0,
      598.0,
      558.0,
      479.0,
      363.0,
      371.0,
      269.0
    ],
    [
      69.0,
      308.0,
      426.0,
      482.0,
      500.0,
      578.0,
      1000.0,
      604.0,
      608.0,
      588.0,
      594.0,
      615.0,
      536.0,
      567.0,
      664.0,
      619.0,
      601.0,
      600.0,
      564.0,
      575.0,
      570.0,
      500.0,
      394.0,
      402.0,
      270.0
    ],
    [
      69.0,
      305.0,
      465.0,
      523.0,
      514.0,
      527.0,
      604.0,
      1000.0,
      611.0,
      608.0,
      588.0,
      604.0,
      610.0,
      616.0,
      628.0,
      629.0,
      615.0,
      616.0,
      588.0,
      583.0,
      558.0,
      580.0,
      462.0,
      421.0,
      297.0
    ],
    [
      65.0,
      309.0,
      453.0,
      542.0,
      547.0,
      557.0,
      608.0,
      611.0,
      1000.0,
      641.0,
      632.0,
      632.0,
      550.0,
      599.0,
      633.0,
      601.0,
      596.0,
      576.0,
      563.0,
      595.0,
      549.0,
      542.0,
      435.0,
      427.0,
      301.0
    ],
    [
      72.0,
      320.0,
      485.0,
      549.0,
      593.0,
      592.0,
      588.0,
      608.0,
      641.0,
      1000.0,
      668.0,
      639.0,
      618.0,
      661.0,
      676.0,
      666.0,
      632.0,
      617.0,
      611.0,
      650.0,
      583.0,
      587.0,
      464.0,
      407.0,
      328.0
    ],
    [
      63.0,
      348.0,
      454.0,
      534.0,
      605.0,
      618.0,
      594.0,
      588.0,
      632.0,
      668.0,
      1000.0,
      670.0,
      585.0,
      634.0,
      665.0,
      630.0,
      613.0,
      581.0,
      570.0,
      597.0,
      563.0,
      584.0,
      452.0,
      418.0,
      312.0
    ],
    [
      70.0,
      368.0,
      489.0,
      536.0,
      600.0,
      666.0,
      615.0,
      604.0,
      632.0,
      639.0,
      670.0,
      1000.0,
      590.0,
      631.0,
      669.0,
      663.0,
      659.0,
      626.0,
      607.0,
      631.0,
      592.0,
      549.0,
      428.0,
      419.0,
      312.0
    ],
    [
      77.0,
      315.0,
      500.0,
      511.0,
      527.0,
      523.0,
      536.0,
      610.0,
      550.0,
      618.0,
      585.0,
      590.0,
      1000.0,
      709.0,
      632.0,
      662.0,
      676.0,
      696.0,
      593.0,
      605.0,
      567.0,
      681.0,
      592.0,
      387.0,
      295.0
    ],
    [
      83.0,
      320.0,
      514.0,
      536.0,
      583.0,
      578.0,
      567.0,
      616.0,
      599.0,
      661.0,
      634.0,
      631.0,
      709.0,
      1000.0,
      703.0,
      698.0,
      695.0,
      674.0,
      658.0,
      645.0,
      582.0,
      671.0,
      560.0,
      401.0,
      314.0
    ],
    [
      71.0,
      333.0,
      470.0,
      514.0,
      560.0,
      621.0,
      664.0,
      628.0,
      633.0,
      676.0,
      665.0,
      669.0,
      632.0,
      703.0,
      1000.0,
      738.0,
      716.0,
      691.0,
      664.0,
      666.0,
      628.0,
      590.0,
      462.0,
      429.0,
      323.0
    ],
    [
      79.0,
      336.0,
      490.0,
      506.0,
      560.0,
      624.0,
      619.0,
      629.0,
      601.0,
      666.0,
      630.0,
      663.0,
      662.0,
      698.0,
      738.0,
      1000.0,
      724.0,
      708.0,
      666.0,
      664.0,
      627.0,
      609.0,
      489.0,
      407.0,
      310.0
    ],
    [
      77.0,
      324.0,
      485.0,
      491.0,
      561.0,
      578.0,
      601.0,
      615.0,
      596.0,
      632.0,
      613.0,
      659.0,
      676.0,
      695.0,
      716.0,
      724.0,
      1000.0,
      714.0,
      655.0,
      664.0,
      639.0,
      609.0,
      503.0,
      401.0,
      311.0
    ],
    [
      84.0,
      317.0,
      494.0,
      494.0,
      513.0,
      558.0,
      600.0,
      616.0,
      576.0,
      617.0,
      581.0,
      626.0,
      696.0,
      674.0,
      691.0,
      708.0,
      714.0,
      1000.0,
      669.0,
      642.0,
      650.0,
      616.0,
      518.0,
      400.0,
      286.0
    ],
    [
      80.0,
      308.0,
      490.0,
      491.0,
      523.0,
      566.0,
      564.0,
      588.0,
      563.0,
      611.0,
      570.0,
      607.0,
      593.0,
      658.0,
      664.0,
      666.0,
      655.0,
      669.0,
      1000.0,
      672.0,
      655.0,
      552.0,
      452.0,
      389.0,
      295.0
    ],
    [
      72.0,
      336.0,
      495.0,
      526.0,
      575.0,
      598.0,
      575.0,
      583.0,
      595.0,
      650.0,
      597.0,
      631.0,
      605.0,
      645.0,
      666.0,
      664.0,
      664.0,
      642.0,
      672.0,
      1000.0,
      641.0,
      563.0,
      432.0,
      372.0,
      279.0
    ],
    [
      69.0,
      317.0,
      480.0,
      470.0,
      480.0,
      558.0,
      570.0,
      558.0,
      549.0,
      583.0,
      563.0,
      592.0,
      567.0,
      582.0,
      628.0,
      627.0,
      639.0,
      650.0,
      655.0,
      641.0,
      1000.0,
      496.0,
      397.0,
      369.0,
      263.0
    ],
    [
      73.0,
      290.0,
      466.0,
      501.0,
      507.0,
      479.0,
      500.0,
      580.0,
      542.0,
      587.0,
      584.0,
      549.0,
      681.0,
      671.0,
      590.0,
      609.0,
      609.0,
      616.0,
      552.0,
      563.0,
      496.0,
      1000.0,
      623.0,
      394.0,
      307.0
    ],
    [
      71.0,
      245.0,
      402.0,
      399.0,
      403.0,
      363.0,
      394.0,
      462.0,
      435.0,
      464.0,
      452.0,
      428.0,
      592.0,
      560.0,
      462.0,
      489.0,
      503.0,
      518.0,
      452.0,
      432.0,
      397.0,
      623.0,
      1000.0,
      321.0,
      277.0
    ],
    [
      52.0,
      223.0,
      306.0,
      372.0,
      362.0,
      371.0,
      402.0,
      421.0,
      427.0,
      407.0,
      418.0,
      419.0,
      387.0,
      401.0,
      429.0,
      407.0,
      401.0,
      400.0,
      389.0,
      372.0,
      369.0,
      394.0,
      321.0,
      1000.0,
      239.0
    ],
    [
      39.0,
      171.0,
      250.0,
      285.0,
      304.0,
      269.0,
      270.0,
      297.0,
      301.0,
      328.0,
      312.0,
      312.0,
      295.0,
      314.0,
      323.0,
      310.0,
      311.0,
      286.0,
      295.0,
      279.0,
      263.0,
      307.0,
      277.0,
      239.0,
      1000.0
    ]
  ],
  "jaccard_matrix": [
    [
      1.0,
      0.0344,
      0.0616,
      0.0455,
      0.0578,
      0.0616,
      0.0626,
      0.0626,
      0.0587,
      0.0655,
      0.0568,
      0.0635,
      0.0703,
      0.0762,
      0.0645,
      0.0723,
      0.0703,
      0.0772,
      0.0733,
      0.0655,
      0.0626,
      0.0664,
      0.0645,
      0.0464,
      0.0344
    ],
    [
      0.0344,
      1.0,
      0.1554,
      0.1675,
      0.1862,
      0.2277,
      0.182,
      0.1799,
      0.1827,
      0.1905,
      0.2107,
      0.2255,
      0.1869,
      0.1905,
      0.1998,
      0.2019,
      0.1933,
      0.1884,
      0.182,
      0.2019,
      0.1884,
      0.1696,
      0.1396,
      0.1255,
      0.0935
    ],
    [
      0.0616,
      0.1554,
      1.0,
      0.269,
      0.2682,
      0.2829,
      0.2706,
      0.3029,
      0.2928,
      0.3201,
      0.2937,
      0.3236,
      0.3333,
      0.3459,
      0.3072,
      0.3245,
      0.3201,
      0.328,
      0.3245,
      0.3289,
      0.3158,
      0.3038,
      0.2516,
      0.1806,
      0.1429
    ],
    [
      0.0455,
      0.1675,
      0.269,
      1.0,
      0.3342,
      0.3055,
      0.3175,
      0.3541,
      0.3717,
      0.3784,
      0.3643,
      0.3661,
      0.3432,
      0.3661,
      0.3459,
      0.3387,
      0.3254,
      0.328,
      0.3254,
      0.3569,
      0.3072,
      0.3342,
      0.2492,
      0.2285,
      0.1662
    ],
    [
      0.0578,
      0.1862,
      0.2682,
      0.3342,
      1.0,
      0.3918,
      0.3333,
      0.3459,
      0.3765,
      0.4215,
      0.4337,
      0.4286,
      0.3578,
      0.4114,
      0.3889,
      0.3889,
      0.3899,
      0.345,
      0.3541,
      0.4035,
      0.3158,
      0.3396,
      0.2523,
      0.221,
      0.1792
    ],
    [
      0.0616,
      0.2277,
      0.2829,
      0.3055,
      0.3918,
      1.0,
      0.4065,
      0.3578,
      0.386,
      0.4205,
      0.4472,
      0.4993,
      0.3541,
      0.4065,
      0.4503,
      0.4535,
      0.4065,
      0.387,
      0.3947,
      0.4265,
      0.387,
      0.3149,
      0.2217,
      0.2277,
      0.1554
    ],
    [
      0.0626,
      0.182,
      0.2706,
      0.3175,
      0.3333,
      0.4065,
      1.0,
      0.4327,
      0.4368,
      0.4164,
      0.4225,
      0.444,
      0.3661,
      0.3957,
      0.497,
      0.4482,
      0.4296,
      0.4286,
      0.3928,
      0.4035,
      0.3986,
      0.3333,
      0.2453,
      0.2516,
      0.1561
    ],
    [
      0.0626,
      0.1799,
      0.3029,
      0.3541,
      0.3459,
      0.3578,
      0.4327,
      1.0,
      0.4399,
      0.4368,
      0.4164,
      0.4327,
      0.4388,
      0.4451,
      0.4577,
      0.4588,
      0.444,
      0.4451,
      0.4164,
      0.4114,
      0.387,
      0.4085,
      0.3004,
      0.2666,
      0.1744
    ],
    [
      0.0587,
      0.1827,
      0.2928,
      0.3717,
      0.3765,
      0.386,
      0.4368,
      0.4399,
      1.0,
      0.4717,
      0.462,
      0.462,
      0.3793,
      0.4276,
      0.4631,
      0.4296,
      0.4245,
      0.4045,
      0.3918,
      0.4235,
      0.3784,
      0.3717,
      0.278,
      0.2715,
      0.1772
    ],
    [
      0.0655,
      0.1905,
      0.3201,
      0.3784,
      0.4215,
      0.4205,
      0.4164,
      0.4368,
      0.4717,
      1.0,
      0.5015,
      0.4695,
      0.4472,
      0.4937,
      0.5106,
      0.4993,
      0.462,
      0.4461,
      0.4399,
      0.4815,
      0.4114,
      0.4154,
      0.3021,
      0.2555,
      0.1962
    ],
    [
      0.0568,
      0.2107,
      0.2937,
      0.3643,
      0.4337,
      0.4472,
      0.4225,
      0.4164,
      0.462,
      0.5015,
      1.0,
      0.5038,
      0.4134,
      0.4641,
      0.4981,
      0.4599,
      0.442,
      0.4094,
      0.3986,
      0.4255,
      0.3918,
      0.4124,
      0.292,
      0.2642,
      0.1848
    ],
    [
      0.0635,
      0.2255,
      0.3236,
      0.3661,
      0.4286,
      0.4993,
      0.444,
      0.4327,
      0.462,
      0.4695,
      0.5038,
      1.0,
      0.4184,
      0.4609,
      0.5026,
      0.4959,
      0.4914,
      0.4556,
      0.4358,
      0.4609,
      0.4205,
      0.3784,
      0.2723,
      0.265,
      0.1848
    ],
    [
      0.0703,
      0.1869,
      0.3333,
      0.3432,
      0.3578,
      0.3541,
      0.3661,
      0.4388,
      0.3793,
      0.4472,
      0.4134,
      0.4184,
      1.0,
      0.5492,
      0.462,
      0.4948,
      0.5106,
      0.5337,
      0.4215,
      0.4337,
      0.3957,
      0.5163,
      0.4205,
      0.2399,
      0.173
    ],
    [
      0.0762,
      0.1905,
      0.3459,
      0.3661,
      0.4114,
      0.4065,
      0.3957,
      0.4451,
      0.4276,
      0.4937,
      0.4641,
      0.4609,
      0.5492,
      1.0,
      0.542,
      0.5361,
      0.5326,
      0.5083,
      0.4903,
      0.476,
      0.4104,
      0.5049,
      0.3889,
      0.2508,
      0.1862
    ],
    [
      0.0645,
      0.1998,
      0.3072,
      0.3459,
      0.3889,
      0.4503,
      0.497,
      0.4577,
      0.4631,
      0.5106,
      0.4981,
      0.5026,
      0.462,
      0.542,
      1.0,
      0.5848,
      0.5576,
      0.5279,
      0.497,
      0.4993,
      0.4577,
      0.4184,
      0.3004,
      0.2731,
      0.1926
    ],
    [
      0.0723,
      0.2019,
      0.3245,
      0.3387,
      0.3889,
      0.4535,
      0.4482,
      0.4588,
      0.4296,
      0.4993,
      0.4599,
      0.4959,
      0.4948,
      0.5361,
      0.5848,
      1.0,
      0.5674,
      0.548,
      0.4993,
      0.497,
      0.4567,
      0.4378,
      0.3236,
      0.2555,
      0.1834
    ],
    [
      0.0703,
      0.1933,
      0.3201,
      0.3254,
      0.3899,
      0.4065,
      0.4296,
      0.444,
      0.4245,
      0.462,
      0.442,
      0.4914,
      0.5106,
      0.5326,
      0.5576,
      0.5674,
      1.0,
      0.5552,
      0.487,
      0.497,
      0.4695,
      0.4378,
      0.336,
      0.2508,
      0.1841
    ],
    [
      0.0772,
      0.1884,
      0.328,
      0.328,
      0.345,
      0.387,
      0.4286,
      0.4451,
      0.4045,
      0.4461,
      0.4094,
      0.4556,
      0.5337,
      0.5083,
      0.5279,
      0.548,
      0.5552,
      1.0,
      0.5026,
      0.4728,
      0.4815,
      0.4451,
      0.3495,
      0.25,
      0.1669
    ],
    [
      0.0733,
      0.182,
      0.3245,
      0.3254,
      0.3541,
      0.3947,
      0.3928,
      0.4164,
      0.3918,
      0.4399,
      0.3986,
      0.4358,
      0.4215,
      0.4903,
      0.497,
      0.4993,
      0.487,
      0.5026,
      1.0,
      0.506,
      0.487,
      0.3812,
      0.292,
      0.2415,
      0.173
    ],
    [
      0.0655,
      0.2019,
      0.3289,
      0.3569,
      0.4035,
      0.4265,
      0.4035,
      0.4114,
      0.4235,
      0.4815,
      0.4255,
      0.4609,
      0.4337,
      0.476,
      0.4993,
      0.497,
      0.497,
      0.4728,
      0.506,
      1.0,
      0.4717,
      0.3918,
      0.2755,
      0.2285,
      0.1621
    ],
    [
      0.0626,
      0.1884,
      0.3158,
      0.3072,
      0.3158,
      0.387,
      0.3986,
      0.387,
      0.3784,
      0.4114,
      0.3918,
      0.4205,
      0.3957,
      0.4104,
      0.4577,
      0.4567,
      0.4695,
      0.4815,
      0.487,
      0.4717,
      1.0,
      0.3298,
      0.2477,
      0.2262,
      0.1514
    ],
    [
      0.0664,
      0.1696,
      0.3038,
      0.3342,
      0.3396,
      0.3149,
      0.3333,
      0.4085,
      0.3717,
      0.4154,
      0.4124,
      0.3784,
      0.5163,
      0.5049,
      0.4184,
      0.4378,
      0.4378,
      0.4451,
      0.3812,
      0.3918,
      0.3298,
      1.0,
      0.4524,
      0.2453,
      0.1813
    ],
    [
      0.0645,
      0.1396,
      0.2516,
      0.2492,
      0.2523,
      0.2217,
      0.2453,
      0.3004,
      0.278,
      0.3021,
      0.292,
      0.2723,
      0.4205,
      0.3889,
      0.3004,
      0.3236,
      0.336,
      0.3495,
      0.292,
      0.2755,
      0.2477,
      0.4524,
      1.0,
      0.1912,
      0.1608
    ],
    [
      0.0464,
      0.1255,
      0.1806,
      0.2285,
      0.221,
      0.2277,
      0.2516,
      0.2666,
      0.2715,
      0.2555,
      0.2642,
      0.265,
      0.2399,
      0.2508,
      0.2731,
      0.2555,
      0.2508,
      0.25,
      0.2415,
      0.2285,
      0.2262,
      0.2453,
      0.1912,
      1.0,
      0.1357
    ],
    [
      0.0344,
      0.0935,
      0.1429,
      0.1662,
      0.1792,
      0.1554,
      0.1561,
      0.1744,
      0.1772,
      0.1962,
      0.1848,
      0.1848,
      0.173,
      0.1862,
      0.1926,
      0.1834,
      0.1841,
      0.1669,
      0.173,
      0.1621,
      0.1514,
      0.1813,
      0.1608,
      0.1357,
      1.0
    ]
  ]
}