{
  "politicians": [
    "gentiloni",
    "andreotti",
    "fanfani",
    "conte",
    "ciampi",
    "draghi",
    "de mita",
    "renzi",
    "meloni",
    "dini",
    "monti",
    "letta",
    "berlusconi",
    "d'alema",
    "amato",
    "prodi",
    "degasperi"
  ],
  "overlap_matrix": [
    [
      172.0,
      49.0,
      51.0,
      68.0,
      73.0,
      70.0,
      65.0,
      68.0,
      80.0,
      84.0,
      76.0,
      83.0,
      72.0,
      71.0,
      79.0,
      78.0,
      64.0
    ],
    [
      49.0,
      1000.0,
      418.0,
      379.0,
      423.0,
      329.0,
      462.0,
      447.0,
      442.0,
      450.0,
      450.0,
      468.0,
      460.0,
      503.0,
      498.0,
      480.0,
      453.0
    ],
    [
      51.0,
      418.0,
      1000.0,
      424.0,
      501.0,
      396.0,
      434.0,
      462.0,
      488.0,
      532.0,
      518.0,
      494.0,
      526.0,
      513.0,
      506.0,
      490.0,
      501.0
    ],
    [
      68.0,
      379.0,
      424.0,
      1000.0,
      465.0,
      394.0,
      387.0,
      463.0,
      494.0,
      510.0,
      503.0,
      495.0,
      495.0,
      474.0,
      490.0,
      481.0,
      422.0
    ],
    [
      73.0,
      423.0,
      501.0,
      465.0,
      1000.0,
      614.0,
      449.0,
      489.0,
      555.0,
      663.0,
      679.0,
      619.0,
      563.0,
      583.0,
      609.0,
      604.0,
      507.0
    ],
    [
      70.0,
      329.0,
      396.0,
      394.0,
      614.0,
      1000.0,
      346.0,
      389.0,
      449.0,
      550.0,
      579.0,
      510.0,
      426.0,
      461.0,
      482.0,
      496.0,
      401.0
    ],
    [
      65.0,
      462.0,
      434.0,
      387.0,
      449.0,
      346.0,
      1000.0,
      529.0,
      509.0,
      501.0,
      480.0,
      550.0,
      516.0,
      610.0,
      579.0,
      552.0,
      464.0
    ],
    [
      68.0,
      447.0,
      462.0,
      463.0,
      489.0,
      389.0,
      529.0,
      1000.0,
      660.0,
      568.0,
      556.0,
      654.0,
      632.0,
      642.0,
      623.0,
      631.0,
      480.0
    ],
    [
      80.0,
      442.0,
      488.0,
      494.0,
      555.0,
      449.0,
      509.0,
      660.0,
      1000.0,
      662.0,
      593.0,
      672.0,
      673.0,
      667.0,
      666.0,
      654.0,
      520.0
    ],
    [
      84.0,
      450.0,
      532.0,
      510.0,
      663.0,
      550.0,
      501.0,
      568.0,
      662.0,
      1000.0,
      709.0,
      674.0,
      647.0,
      696.0,
      699.0,
      688.0,
      583.0
    ],
    [
      76.0,
      450.0,
      518.0,
      503.0,
      679.0,
      579.0,
      480.0,
      556.0,
      593.0,
      709.0,
      1000.0,
      694.0,
      611.0,
      631.0,
      664.0,
      671.0,
      531.0
    ],
    [
      83.0,
      468.0,
      494.0,
      495.0,
      619.0,
      510.0,
      550.0,
      654.0,
      672.0,
      674.0,
      694.0,
      1000.0,
      646.0,
      693.0,
      712.0,
      717.0,
      516.0
    ],
    [
      72.0,
      460.0,
      526.0,
      495.0,
      563.0,
      426.0,
      516.0,
      632.0,
      673.0,
      647.0,
      611.0,
      646.0,
      1000.0,
      660.0,
      664.0,
      655.0,
      575.0
    ],
    [
      71.0,
      503.0,
      513.0,
      474.0,
      583.0,
      461.0,
      610.0,
      642.0,
      667.0,
      696.0,
      631.0,
      693.0,
      660.0,
      1000.0,
      736.0,
      702.0,
      562.0
    ],
    [
      79.0,
      498.0,
      506.0,
      490.0,
      609.0,
      482.0,
      579.0,
      623.0,
      666.0,
      699.0,
      664.0,
      712.0,
      664.0,
      736.0,
      1000.0,
      713.0,
      560.0
    ],
    [
      78.0,
      480.0,
      490.0,
      481.0,
      604.0,
      496.0,
      552.0,
      631.0,
      654.0,
      688.0,
      671.0,
      717.0,
      655.0,
      702.0,
      713.0,
      1000.0,
      556.0
    ],
    [
      64.0,
      453.0,
      501.0,
      422.0,
      507.0,
      401.0,
      464.0,
      480.0,
      520.0,
      583.0,
      531.0,
      516.0,
      575.0,
      562.0,
      560.0,
      556.0,
      1000.0
    ]
  ],
  "jaccard_matrix": [
    [
      1.0,
      0.0214,
      0.019,
      0.0194,
      0.0132,
      0.0141,
      0.0133,
      0.0087,
      0.008,
      0.0073,
      0.0065,
      0.0054,
      0.0044,
      0.0034,
      0.0034,
      0.004,
      0.005
    ],
    [
      0.0214,
      1.0,
      0.2101,
      0.1977,
      0.1806,
      0.1654,
      0.1986,
      0.1446,
      0.1367,
      0.1302,
      0.1195,
      0.1012,
      0.0886,
      0.0707,
      0.0723,
      0.0796,
      0.1041
    ],
    [
      0.019,
      0.2101,
      1.0,
      0.2115,
      0.201,
      0.1961,
      0.2009,
      0.1543,
      0.1497,
      0.1483,
      0.1353,
      0.1113,
      0.0991,
      0.0791,
      0.0803,
      0.088,
      0.1166
    ],
    [
      0.0194,
      0.1977,
      0.2115,
      1.0,
      0.2328,
      0.2258,
      0.2087,
      0.1914,
      0.1905,
      0.1831,
      0.1689,
      0.1432,
      0.1281,
      0.1021,
      0.1034,
      0.1138,
      0.1407
    ],
    [
      0.0132,
      0.1806,
      0.201,
      0.2328,
      1.0,
      0.2976,
      0.2311,
      0.2371,
      0.2544,
      0.2723,
      0.2607,
      0.222,
      0.1937,
      0.1643,
      0.1667,
      0.1833,
      0.2098
    ],
    [
      0.0141,
      0.1654,
      0.1961,
      0.2258,
      0.2976,
      1.0,
      0.212,
      0.2062,
      0.2343,
      0.2524,
      0.2469,
      0.2002,
      0.166,
      0.142,
      0.1522,
      0.1668,
      0.1805
    ],
    [
      0.0133,
      0.1986,
      0.2009,
      0.2087,
      0.2311,
      0.212,
      1.0,
      0.2273,
      0.2192,
      0.2141,
      0.2029,
      0.1825,
      0.1645,
      0.1403,
      0.1392,
      0.1491,
      0.176
    ],
    [
      0.0087,
      0.1446,
      0.1543,
      0.1914,
      0.2371,
      0.2062,
      0.2273,
      1.0,
      0.3099,
      0.2829,
      0.2806,
      0.2859,
      0.2615,
      0.2294,
      0.2267,
      0.2388,
      0.2439
    ],
    [
      0.008,
      0.1367,
      0.1497,
      0.1905,
      0.2544,
      0.2343,
      0.2192,
      0.3099,
      1.0,
      0.3134,
      0.3058,
      0.3022,
      0.2777,
      0.247,
      0.2475,
      0.2621,
      0.2609
    ],
    [
      0.0073,
      0.1302,
      0.1483,
      0.1831,
      0.2723,
      0.2524,
      0.2141,
      0.2829,
      0.3134,
      1.0,
      0.3465,
      0.324,
      0.2962,
      0.2745,
      0.2748,
      0.2897,
      0.2904
    ],
    [
      0.0065,
      0.1195,
      0.1353,
      0.1689,
      0.2607,
      0.2469,
      0.2029,
      0.2806,
      0.3058,
      0.3465,
      1.0,
      0.3507,
      0.3129,
      0.2964,
      0.3007,
      0.3097,
      0.2974
    ],
    [
      0.0054,
      0.1012,
      0.1113,
      0.1432,
      0.222,
      0.2002,
      0.1825,
      0.2859,
      0.3022,
      0.324,
      0.3507,
      1.0,
      0.3346,
      0.3305,
      0.3267,
      0.3325,
      0.2889
    ],
    [
      0.0044,
      0.0886,
      0.0991,
      0.1281,
      0.1937,
      0.166,
      0.1645,
      0.2615,
      0.2777,
      0.2962,
      0.3129,
      0.3346,
      1.0,
      0.3389,
      0.3247,
      0.3191,
      0.3084
    ],
    [
      0.0034,
      0.0707,
      0.0791,
      0.1021,
      0.1643,
      0.142,
      0.1403,
      0.2294,
      0.247,
      0.2745,
      0.2964,
      0.3305,
      0.3389,
      1.0,
      0.359,
      0.3306,
      0.2888
    ],
    [
      0.0034,
      0.0723,
      0.0803,
      0.1034,
      0.1667,
      0.1522,
      0.1392,
      0.2267,
      0.2475,
      0.2748,
      0.3007,
      0.3267,
      0.3247,
      0.359,
      1.0,
      0.3297,
      0.2847
    ],
    [
      0.004,
      0.0796,
      0.088,
      0.1138,
      0.1833,
      0.1668,
      0.1491,
      0.2388,
      0.2621,
      0.2897,
      0.3097,
      0.3325,
      0.3191,
      0.3306,
      0.3297,
      1.0,
      0.2805
    ],
    [
      0.005,
      0.1041,
      0.1166,
      0.1407,
      0.2098,
      0.1805,
      0.176,
      0.2439,
      0.2609,
      0.2904,
      0.2974,
      0.2889,
      0.3084,
      0.2888,
      0.2847,
      0.2805,
      1.0
    ]
  ]
}