{
  "politicians": [
    "gentiloni",
    "leone",
    "conte",
    "fanfani",
    "degasperi",
    "cossiga",
    "de mita",
    "goria",
    "forlani",
    "craxi",
    "spadolini",
    "andreotti",
    "monti",
    "dini",
    "d'alema",
    "amato",
    "prodi",
    "letta",
    "meloni",
    "berlusconi",
    "renzi",
    "ciampi",
    "draghi",
    "rumor",
    "colombo"
  ],
  "overlap_matrix": [
    [
      172.0,
      39.0,
      68.0,
      51.0,
      64.0,
      68.0,
      69.0,
      69.0,
      65.0,
      72.0,
      63.0,
      70.0,
      76.0,
      84.0,
      71.0,
      79.0,
      78.0,
      83.0,
      80.0,
      72.0,
      68.0,
      73.0,
      70.0,
      52.0,
      39.0
    ],
    [
      39.0,
      1000.0,
      269.0,
      287.0,
      314.0,
      371.0,
      308.0,
      305.0,
      309.0,
      320.0,
      348.0,
      368.0,
      323.0,
      319.0,
      332.0,
      336.0,
      324.0,
      316.0,
      306.0,
      336.0,
      316.0,
      290.0,
      240.0,
      223.0,
      171.0
    ],
    [
      68.0,
      269.0,
      1000.0,
      424.0,
      422.0,
      440.0,
      426.0,
      464.0,
      453.0,
      485.0,
      453.0,
      488.0,
      503.0,
      510.0,
      474.0,
      490.0,
      481.0,
      495.0,
      494.0,
      495.0,
      463.0,
      465.0,
      394.0,
      306.0,
      249.0
    ],
    [
      51.0,
      287.0,
      424.0,
      1000.0,
      501.0,
      468.0,
      482.0,
      523.0,
      542.0,
      549.0,
      534.0,
      536.0,
      518.0,
      532.0,
      513.0,
      506.0,
      490.0,
      494.0,
      488.0,
      526.0,
      462.0,
      501.0,
      396.0,
      372.0,
      285.0
    ],
    [
      64.0,
      314.0,
      422.0,
      501.0,
      1000.0,
      563.0,
      500.0,
      514.0,
      547.0,
      593.0,
      605.0,
      600.0,
      531.0,
      583.0,
      562.0,
      560.0,
      556.0,
      516.0,
      520.0,
      575.0,
      480.0,
      507.0,
      401.0,
      362.0,
      304.0
    ],
    [
      68.0,
      371.0,
      440.0,
      468.0,
      563.0,
      1000.0,
      578.0,
      527.0,
      557.0,
      592.0,
      618.0,
      666.0,
      529.0,
      581.0,
      619.0,
      624.0,
      572.0,
      559.0,
      563.0,
      598.0,
      552.0,
      479.0,
      358.0,
      371.0,
      269.0
    ],
    [
      69.0,
      308.0,
      426.0,
      482.0,
      500.0,
      578.0,
      1000.0,
      604.0,
      608.0,
      588.0,
      594.0,
      615.0,
      530.0,
      566.0,
      666.0,
      619.0,
      596.0,
      603.0,
      561.0,
      575.0,
      568.0,
      500.0,
      387.0,
      402.0,
      270.0
    ],
    [
      69.0,
      305.0,
      464.0,
      523.0,
      514.0,
      527.0,
      604.0,
      1000.0,
      611.0,
      608.0,
      588.0,
      604.0,
      606.0,
      613.0,
      630.0,
      629.0,
      616.0,
      623.0,
      587.0,
      583.0,
      551.0,
      580.0,
      456.0,
      421.0,
      297.0
    ],
    [
      65.0,
      309.0,
      453.0,
      542.0,
      547.0,
      557.0,
      608.0,
      611.0,
      1000.0,
      641.0,
      632.0,
      632.0,
      551.0,
      593.0,
      633.0,
      601.0,
      587.0,
      582.0,
      561.0,
      595.0,
      542.0,
      542.0,
      432.0,
      427.0,
      301.0
    ],
    [
      72.0,
      320.0,
      485.0,
      549.0,
      593.0,
      592.0,
      588.0,
      608.0,
      641.0,
      1000.0,
      668.0,
      639.0,
      614.0,
      660.0,
      677.0,
      666.0,
      627.0,
      620.0,
      612.0,
      650.0,
      573.0,
      587.0,
      455.0,
      407.0,
      328.0
    ],
    [
      63.0,
      348.0,
      453.0,
      534.0,
      605.0,
      618.0,
      594.0,
      588.0,
      632.0,
      668.0,
      1000.0,
      670.0,
      591.0,
      628.0,
      663.0,
      630.0,
      611.0,
      583.0,
      570.0,
      597.0,
      562.0,
      584.0,
      447.0,
      418.0,
      312.0
    ],
    [
      70.0,
      368.0,
      488.0,
      536.0,
      600.0,
      666.0,
      615.0,
      604.0,
      632.0,
      639.0,
      670.0,
      1000.0,
      603.0,
      629.0,
      671.0,
      663.0,
      651.0,
      627.0,
      604.0,
      631.0,
      586.0,
      549.0,
      422.0,
      419.0,
      312.0
    ],
    [
      76.0,
      323.0,
      503.0,
      518.0,
      531.0,
      529.0,
      530.0,
      606.0,
      551.0,
      614.0,
      591.0,
      603.0,
      1000.0,
      709.0,
      631.0,
      664.0,
      671.0,
      694.0,
      593.0,
      611.0,
      556.0,
      679.0,
      579.0,
      387.0,
      297.0
    ],
    [
      84.0,
      319.0,
      510.0,
      532.0,
      583.0,
      581.0,
      566.0,
      613.0,
      593.0,
      660.0,
      628.0,
      629.0,
      709.0,
      1000.0,
      696.0,
      699.0,
      688.0,
      674.0,
      662.0,
      647.0,
      568.0,
      663.0,
      550.0,
      401.0,
      315.0
    ],
    [
      71.0,
      332.0,
      474.0,
      513.0,
      562.0,
      619.0,
      666.0,
      630.0,
      633.0,
      677.0,
      663.0,
      671.0,
      631.0,
      696.0,
      1000.0,
      736.0,
      702.0,
      693.0,
      667.0,
      660.0,
      642.0,
      583.0,
      461.0,
      435.0,
      321.0
    ],
    [
      79.0,
      336.0,
      490.0,
      506.0,
      560.0,
      624.0,
      619.0,
      629.0,
      601.0,
      666.0,
      630.0,
      663.0,
      664.0,
      699.0,
      736.0,
      1000.0,
      713.0,
      712.0,
      666.0,
      664.0,
      623.0,
      609.0,
      482.0,
      407.0,
      310.0
    ],
    [
      78.0,
      324.0,
      481.0,
      490.0,
      556.0,
      572.0,
      596.0,
      616.0,
      587.0,
      627.0,
      611.0,
      651.0,
      671.0,
      688.0,
      702.0,
      713.0,
      1000.0,
      717.0,
      654.0,
      655.0,
      631.0,
      604.0,
      496.0,
      399.0,
      311.0
    ],
    [
      83.0,
      316.0,
      495.0,
      494.0,
      516.0,
      559.0,
      603.0,
      623.0,
      582.0,
      620.0,
      583.0,
      627.0,
      694.0,
      674.0,
      693.0,
      712.0,
      717.0,
      1000.0,
      672.0,
      646.0,
      654.0,
      619.0,
      510.0,
      404.0,
      285.0
    ],
    [
      80.0,
      306.0,
      494.0,
      488.0,
      520.0,
      563.0,
      561.0,
      587.0,
      561.0,
      612.0,
      570.0,
      604.0,
      593.0,
      662.0,
      667.0,
      666.0,
      654.0,
      672.0,
      1000.0,
      673.0,
      660.0,
      555.0,
      449.0,
      388.0,
      297.0
    ],
    [
      72.0,
      336.0,
      495.0,
      526.0,
      575.0,
      598.0,
      575.0,
      583.0,
      595.0,
      650.0,
      597.0,
      631.0,
      611.0,
      647.0,
      660.0,
      664.0,
      655.0,
      646.0,
      673.0,
      1000.0,
      632.0,
      563.0,
      426.0,
      372.0,
      279.0
    ],
    [
      68.0,
      316.0,
      463.0,
      462.0,
      480.0,
      552.0,
      568.0,
      551.0,
      542.0,
      573.0,
      562.0,
      586.0,
      556.0,
      568.0,
      642.0,
      623.0,
      631.0,
      654.0,
      660.0,
      632.0,
      1000.0,
      489.0,
      389.0,
      377.0,
      267.0
    ],
    [
      73.0,
      290.0,
      465.0,
      501.0,
      507.0,
      479.0,
      500.0,
      580.0,
      542.0,
      587.0,
      584.0,
      549.0,
      679.0,
      663.0,
      583.0,
      609.0,
      604.0,
      619.0,
      555.0,
      563.0,
      489.0,
      1000.0,
      614.0,
      394.0,
      307.0
    ],
    [
      70.0,
      240.0,
      394.0,
      396.0,
      401.0,
      358.0,
      387.0,
      456.0,
      432.0,
      455.0,
      447.0,
      422.0,
      579.0,
      550.0,
      461.0,
      482.0,
      496.0,
      510.0,
      449.0,
      426.0,
      389.0,
      614.0,
      1000.0,
      313.0,
      269.0
    ],
    [
      52.0,
      223.0,
      306.0,
      372.0,
      362.0,
      371.0,
      402.0,
      421.0,
      427.0,
      407.0,
      418.0,
      419.0,
      387.0,
      401.0,
      435.0,
      407.0,
      399.0,
      404.0,
      388.0,
      372.0,
      377.0,
      394.0,
      313.0,
      1000.0,
      239.0
    ],
    [
      39.0,
      171.0,
      249.0,
      285.0,
      304.0,
      269.0,
      270.0,
      297.0,
      301.0,
      328.0,
      312.0,
      312.0,
      297.0,
      315.0,
      321.0,
      310.0,
      311.0,
      285.0,
      297.0,
      279.0,
      267.0,
      307.0,
      269.0,
      239.0,
      1000.0
    ]
  ],
  "jaccard_matrix": [
    [
      1.0,
      0.0344,
      0.0616,
      0.0455,
      0.0578,
      0.0616,
      0.0626,
      0.0626,
      0.0587,
      0.0655,
      0.0568,
      0.0635,
      0.0693,
      0.0772,
      0.0645,
      0.0723,
      0.0713,
      0.0762,
      0.0733,
      0.0655,
      0.0616,
      0.0664,
      0.0635,
      0.0464,
      0.0344
    ],
    [
      0.0344,
      1.0,
      0.1554,
      0.1675,
      0.1862,
      0.2277,
      0.182,
      0.1799,
      0.1827,
      0.1905,
      0.2107,
      0.2255,
      0.1926,
      0.1898,
      0.199,
      0.2019,
      0.1933,
      0.1876,
      0.1806,
      0.2019,
      0.1876,
      0.1696,
      0.1364,
      0.1255,
      0.0935
    ],
    [
      0.0616,
      0.1554,
      1.0,
      0.269,
      0.2674,
      0.2821,
      0.2706,
      0.3021,
      0.2928,
      0.3201,
      0.2928,
      0.3228,
      0.336,
      0.3423,
      0.3106,
      0.3245,
      0.3167,
      0.3289,
      0.328,
      0.3289,
      0.3012,
      0.3029,
      0.2453,
      0.1806,
      0.1422
    ],
    [
      0.0455,
      0.1675,
      0.269,
      1.0,
      0.3342,
      0.3055,
      0.3175,
      0.3541,
      0.3717,
      0.3784,
      0.3643,
      0.3661,
      0.3495,
      0.3624,
      0.345,
      0.3387,
      0.3245,
      0.328,
      0.3228,
      0.3569,
      0.3004,
      0.3342,
      0.2469,
      0.2285,
      0.1662
    ],
    [
      0.0578,
      0.1862,
      0.2674,
      0.3342,
      1.0,
      0.3918,
      0.3333,
      0.3459,
      0.3765,
      0.4215,
      0.4337,
      0.4286,
      0.3615,
      0.4114,
      0.3908,
      0.3889,
      0.385,
      0.3477,
      0.3514,
      0.4035,
      0.3158,
      0.3396,
      0.2508,
      0.221,
      0.1792
    ],
    [
      0.0616,
      0.2277,
      0.2821,
      0.3055,
      0.3918,
      1.0,
      0.4065,
      0.3578,
      0.386,
      0.4205,
      0.4472,
      0.4993,
      0.3596,
      0.4094,
      0.4482,
      0.4535,
      0.4006,
      0.3879,
      0.3918,
      0.4265,
      0.3812,
      0.3149,
      0.218,
      0.2277,
      0.1554
    ],
    [
      0.0626,
      0.182,
      0.2706,
      0.3175,
      0.3333,
      0.4065,
      1.0,
      0.4327,
      0.4368,
      0.4164,
      0.4225,
      0.444,
      0.3605,
      0.3947,
      0.4993,
      0.4482,
      0.4245,
      0.4316,
      0.3899,
      0.4035,
      0.3966,
      0.3333,
      0.2399,
      0.2516,
      0.1561
    ],
    [
      0.0626,
      0.1799,
      0.3021,
      0.3541,
      0.3459,
      0.3578,
      0.4327,
      1.0,
      0.4399,
      0.4368,
      0.4164,
      0.4327,
      0.4347,
      0.442,
      0.4599,
      0.4588,
      0.4451,
      0.4524,
      0.4154,
      0.4114,
      0.3803,
      0.4085,
      0.2953,
      0.2666,
      0.1744
    ],
    [
      0.0587,
      0.1827,
      0.2928,
      0.3717,
      0.3765,
      0.386,
      0.4368,
      0.4399,
      1.0,
      0.4717,
      0.462,
      0.462,
      0.3803,
      0.4215,
      0.4631,
      0.4296,
      0.4154,
      0.4104,
      0.3899,
      0.4235,
      0.3717,
      0.3717,
      0.2755,
      0.2715,
      0.1772
    ],
    [
      0.0655,
      0.1905,
      0.3201,
      0.3784,
      0.4215,
      0.4205,
      0.4164,
      0.4368,
      0.4717,
      1.0,
      0.5015,
      0.4695,
      0.443,
      0.4925,
      0.5117,
      0.4993,
      0.4567,
      0.4493,
      0.4409,
      0.4815,
      0.4015,
      0.4154,
      0.2945,
      0.2555,
      0.1962
    ],
    [
      0.0568,
      0.2107,
      0.2928,
      0.3643,
      0.4337,
      0.4472,
      0.4225,
      0.4164,
      0.462,
      0.5015,
      1.0,
      0.5038,
      0.4194,
      0.4577,
      0.4959,
      0.4599,
      0.4399,
      0.4114,
      0.3986,
      0.4255,
      0.3908,
      0.4124,
      0.2878,
      0.2642,
      0.1848
    ],
    [
      0.0635,
      0.2255,
      0.3228,
      0.3661,
      0.4286,
      0.4993,
      0.444,
      0.4327,
      0.462,
      0.4695,
      0.5038,
      1.0,
      0.4316,
      0.4588,
      0.5049,
      0.4959,
      0.4826,
      0.4567,
      0.4327,
      0.4609,
      0.4144,
      0.3784,
      0.2674,
      0.265,
      0.1848
    ],
    [
      0.0693,
      0.1926,
      0.336,
      0.3495,
      0.3615,
      0.3596,
      0.3605,
      0.4347,
      0.3803,
      0.443,
      0.4194,
      0.4316,
      1.0,
      0.5492,
      0.4609,
      0.497,
      0.5049,
      0.5314,
      0.4215,
      0.4399,
      0.385,
      0.514,
      0.4075,
      0.2399,
      0.1744
    ],
    [
      0.0772,
      0.1898,
      0.3423,
      0.3624,
      0.4114,
      0.4094,
      0.3947,
      0.442,
      0.4215,
      0.4925,
      0.4577,
      0.4588,
      0.5492,
      1.0,
      0.5337,
      0.5373,
      0.5244,
      0.5083,
      0.4948,
      0.4782,
      0.3966,
      0.4959,
      0.3793,
      0.2508,
      0.1869
    ],
    [
      0.0645,
      0.199,
      0.3106,
      0.345,
      0.3908,
      0.4482,
      0.4993,
      0.4599,
      0.4631,
      0.5117,
      0.4959,
      0.5049,
      0.4609,
      0.5337,
      1.0,
      0.5823,
      0.5408,
      0.5302,
      0.5004,
      0.4925,
      0.4728,
      0.4114,
      0.2995,
      0.278,
      0.1912
    ],
    [
      0.0723,
      0.2019,
      0.3245,
      0.3387,
      0.3889,
      0.4535,
      0.4482,
      0.4588,
      0.4296,
      0.4993,
      0.4599,
      0.4959,
      0.497,
      0.5373,
      0.5823,
      1.0,
      0.554,
      0.5528,
      0.4993,
      0.497,
      0.4524,
      0.4378,
      0.3175,
      0.2555,
      0.1834
    ],
    [
      0.0713,
      0.1933,
      0.3167,
      0.3245,
      0.385,
      0.4006,
      0.4245,
      0.4451,
      0.4154,
      0.4567,
      0.4399,
      0.4826,
      0.5049,
      0.5244,
      0.5408,
      0.554,
      1.0,
      0.5588,
      0.4859,
      0.487,
      0.4609,
      0.4327,
      0.3298,
      0.2492,
      0.1841
    ],
    [
      0.0762,
      0.1876,
      0.3289,
      0.328,
      0.3477,
      0.3879,
      0.4316,
      0.4524,
      0.4104,
      0.4493,
      0.4114,
      0.4567,
      0.5314,
      0.5083,
      0.5302,
      0.5528,
      0.5588,
      1.0,
      0.506,
      0.4771,
      0.4859,
      0.4482,
      0.3423,
      0.2531,
      0.1662
    ],
    [
      0.0733,
      0.1806,
      0.328,
      0.3228,
      0.3514,
      0.3918,
      0.3899,
      0.4154,
      0.3899,
      0.4409,
      0.3986,
      0.4327,
      0.4215,
      0.4948,
      0.5004,
      0.4993,
      0.4859,
      0.506,
      1.0,
      0.5072,
      0.4925,
      0.3841,
      0.2895,
      0.2407,
      0.1744
    ],
    [
      0.0655,
      0.2019,
      0.3289,
      0.3569,
      0.4035,
      0.4265,
      0.4035,
      0.4114,
      0.4235,
      0.4815,
      0.4255,
      0.4609,
      0.4399,
      0.4782,
      0.4925,
      0.497,
      0.487,
      0.4771,
      0.5072,
      1.0,
      0.462,
      0.3918,
      0.2706,
      0.2285,
      0.1621
    ],
    [
      0.0616,
      0.1876,
      0.3012,
      0.3004,
      0.3158,
      0.3812,
      0.3966,
      0.3803,
      0.3717,
      0.4015,
      0.3908,
      0.4144,
      0.385,
      0.3966,
      0.4728,
      0.4524,
      0.4609,
      0.4859,
      0.4925,
      0.462,
      1.0,
      0.3236,
      0.2415,
      0.2323,
      0.1541
    ],
    [
      0.0664,
      0.1696,
      0.3029,
      0.3342,
      0.3396,
      0.3149,
      0.3333,
      0.4085,
      0.3717,
      0.4154,
      0.4124,
      0.3784,
      0.514,
      0.4959,
      0.4114,
      0.4378,
      0.4327,
      0.4482,
      0.3841,
      0.3918,
      0.3236,
      1.0,
      0.443,
      0.2453,
      0.1813
    ],
    [
      0.0635,
      0.1364,
      0.2453,
      0.2469,
      0.2508,
      0.218,
      0.2399,
      0.2953,
      0.2755,
      0.2945,
      0.2878,
      0.2674,
      0.4075,
      0.3793,
      0.2995,
      0.3175,
      0.3298,
      0.3423,
      0.2895,
      0.2706,
      0.2415,
      0.443,
      1.0,
      0.1855,
      0.1554
    ],
    [
      0.0464,
      0.1255,
      0.1806,
      0.2285,
      0.221,
      0.2277,
      0.2516,
      0.2666,
      0.2715,
      0.2555,
      0.2642,
      0.265,
      0.2399,
      0.2508,
      0.278,
      0.2555,
      0.2492,
      0.2531,
      0.2407,
      0.2285,
      0.2323,
      0.2453,
      0.1855,
      1.0,
      0.1357
    ],
    [
      0.0344,
      0.0935,
      0.1422,
      0.1662,
      0.1792,
      0.1554,
      0.1561,
      0.1744,
      0.1772,
      0.1962,
      0.1848,
      0.1848,
      0.1744,
      0.1869,
      0.1912,
      0.1834,
      0.1841,
      0.1662,
      0.1744,
      0.1621,
      0.1541,
      0.1813,
      0.1554,
      0.1357,
      1.0
    ]
  ]
}